16	937256	0.0012	0
16	937972	0.0012	716
16	938070	0.0012	814
16	938437	0.0000	1181
16	938483	0.0008	1227
16	938728	0.0000	1472
16	938998	0.0012	1742
16	939721	0.0012	2465
16	939843	0.0000	2587
16	940021	0.0000	2765
16	940142	0.0000	2886
16	940316	0.0004	3060
16	940320	0.0004	3064
16	940459	0.0000	3203
16	940519	0.0000	3263
16	940696	0.0000	3440
16	941002	0.0000	3746
16	941219	0.0004	3963
16	941404	0.0000	4148
16	941413	0.0008	4157
16	941872	0.0012	4616
16	942091	0.0008	4835
16	942300	0.0004	5044
16	943468	0.0000	6212
16	943667	0.0000	6411
16	943820	0.0000	6564
16	944050	0.0004	6794
16	944775	0.0004	7519
16	945082	0.0000	7826
16	945101	0.0004	7845
16	945156	0.0004	7900
16	945342	0.0004	8086
16	945894	0.0008	8638
16	947183	0.0004	9927
16	947352	0.0004	10096
16	947496	0.0004	10240
16	947520	36.0000	10264
16	1798328	0.0004	0
16	1798641	0.0000	313
16	1798656	0.0000	328
16	1798816	0.0000	488
16	1798881	0.0000	553
16	1798911	0.0000	583
16	1798914	0.0000	586
16	1798917	0.0000	589
16	1798926	0.0004	598
16	1799362	0.0012	1034
16	1799375	0.0008	1047
16	1799409	0.0000	1081
16	1799668	0.0008	1340
16	1799865	0.0008	1537
16	1799915	0.0000	1587
16	1799942	0.0000	1614
16	1800090	0.0004	1762
16	1800468	0.0000	2140
16	1800812	0.0004	2484
16	1801233	0.0000	2905
16	1801235	0.0012	2907
16	1801926	0.0000	3598
16	1801927	0.0000	3599
16	1801933	0.0000	3605
16	1802069	24.0000	3741
16	1827493	0.0004	0
16	1828031	0.0000	538
16	1828066	0.0000	573
16	1828596	0.0000	1103
16	1828739	0.0000	1246
16	1828851	0.0000	1358
16	1828923	0.0004	1430
16	1828976	0.0000	1483
16	1829292	0.0004	1799
16	1829421	0.0004	1928
16	1829493	0.0000	2000
16	1829497	0.0000	2004
16	1829513	0.0000	2020
16	1829514	0.0000	2021
16	1829591	0.0000	2098
16	1829779	0.0000	2286
16	1829875	0.0000	2382
16	1829959	0.0000	2466
16	1830148	0.0004	2655
16	1830212	0.0004	2719
16	1830739	0.0000	3246
16	1830878	0.0000	3385
16	1830991	0.0000	3498
16	1831158	0.0000	3665
16	1831445	0.0000	3952
16	1831484	0.0000	3991
16	1831555	0.0000	4062
16	1831585	0.0000	4092
16	1831610	0.0000	4117
16	1831659	0.0000	4166
16	1831700	0.0000	4207
16	1832156	0.0013	4663
16	1832220	0.0013	4727
16	1832504	0.0000	5011
16	1832519	0.0004	5026
16	1832613	0.0004	5120
16	1832739	0.0000	5246
16	1832913	0.0000	5420
16	1833354	0.0000	5861
16	1833358	0.0000	5865
16	1833377	0.0004	5884
16	1833452	0.0004	5959
16	1833470	0.0000	5977
16	1833500	0.0000	6007
16	1834655	0.0000	7162
16	1834860	0.0000	7367
16	1835287	0.0000	7794
16	1835549	0.0000	8056
16	1836020	0.0000	8527
16	1836021	0.0000	8528
16	1836232	0.0004	8739
16	1836965	0.0004	9472
16	1836980	0.0000	9487
16	1837015	0.0000	9522
16	1837272	0.0000	9779
16	1837280	0.0000	9787
16	1837489	0.0000	9996
16	1837573	0.0000	10080
16	1837637	0.0000	10144
16	1837664	0.0000	10171
16	1837936	0.0000	10443
16	1838263	0.0000	10770
16	1838307	0.0000	10814
16	1838456	0.0000	10963
16	1838485	0.0000	10992
16	1838683	0.0000	11190
16	1838788	0.0000	11295
16	1838953	0.0000	11460
16	1838979	0.0000	11486
16	1839001	0.0000	11508
16	1839008	0.0000	11515
16	1839188	0.0008	11695
16	1839644	0.0012	12151
16	1839906	0.0000	12413
16	1840055	0.0000	12562
16	1840232	0.0000	12739
16	1840284	0.0004	12791
16	1840372	0.0004	12879
16	1840478	0.0004	12985
16	1840840	0.0004	13347
16	1841165	0.0000	13672
16	1841217	0.0004	13724
16	1841489	0.0004	13996
16	1841681	0.0000	14188
16	1841722	0.0000	14229
16	1841723	0.0004	14230
16	1842548	0.0008	15055
16	1842695	0.0000	15202
16	1842696	0.0004	15203
16	1843149	0.0000	15656
16	1843342	0.0000	15849
16	1844188	0.0008	16695
16	1844410	0.0008	16917
16	1844478	0.0000	16985
16	1844851	0.0000	17358
16	1844960	0.0000	17467
16	1845030	0.0004	17537
16	1845374	97.0000	17881
16	1845451	0.0000	0
16	1845981	0.0000	530
16	1845986	0.0000	535
16	1846019	0.0000	568
16	1846023	0.0000	572
16	1846100	0.0000	649
16	1846336	0.0000	885
16	1846555	0.0000	1104
16	1846556	0.0008	1105
16	1846863	0.0000	1412
16	1846939	0.0008	1488
16	1847069	0.0000	1618
16	1847072	0.0004	1621
16	1847417	0.0000	1966
16	1847493	0.0012	2042
16	1848044	0.0000	2593
16	1848057	0.0004	2606
16	1848375	0.0000	2924
16	1848460	0.0012	3009
16	1848594	0.0012	3143
16	1848728	0.0000	3277
16	1848836	0.0000	3385
16	1848998	0.0004	3547
16	1849005	0.0004	3554
16	1849191	0.0000	3740
16	1849279	0.0004	3828
16	1849426	26.0000	3975
16	1854321	0.0000	0
16	1854544	0.0000	223
16	1854555	0.0000	234
16	1854639	0.0000	318
16	1854810	0.0000	489
16	1854958	0.0000	637
16	1855005	0.0008	684
16	1855093	0.0008	772
16	1855161	0.0000	840
16	1855226	0.0000	905
16	1855230	0.0000	909
16	1855305	0.0000	984
16	1855873	0.0008	1552
16	1856134	0.0012	1813
16	1856665	0.0012	2344
16	1857222	0.0012	2901
16	1857301	0.0012	2980
16	1857651	0.0008	3330
16	1857700	0.0000	3379
16	1857701	0.0008	3380
16	1857945	0.0008	3624
16	1858217	0.0004	3896
16	1858255	0.0004	3934
16	1858338	0.0008	4017
16	1858499	0.0008	4178
16	1858730	0.0000	4409
16	1858748	0.0000	4427
16	1858886	0.0000	4565
16	1859106	0.0000	4785
16	1860218	29.0000	5897
16	1862334	0.0004	0
16	1862684	0.0012	350
16	1862789	0.0004	455
16	1862810	0.0012	476
16	1862867	0.0008	533
16	1862994	0.0000	660
16	1863067	0.0008	733
16	1863737	0.0008	1403
16	1864234	0.0004	1900
16	1864519	0.0004	2185
16	1864525	0.0000	2191
16	1864557	0.0000	2223
16	1864659	0.0000	2325
16	1864680	0.0008	2346
16	1864763	0.0012	2429
16	1864785	0.0004	2451
16	1864786	0.0000	2452
16	1864888	0.0004	2554
16	1865033	0.0004	2699
16	1865054	0.0000	2720
16	1865152	0.0000	2818
16	1865387	0.0000	3053
16	1865457	0.0000	3123
16	1865569	0.0004	3235
16	1866102	0.0004	3768
16	1866346	0.0000	4012
16	1866450	0.0004	4116
16	1866579	0.0000	4245
16	1866581	0.0004	4247
16	1866620	0.0000	4286
16	1866654	0.0000	4320
16	1867090	0.0012	4756
16	1867173	0.0004	4839
16	1867281	0.0008	4947
16	1867283	0.0008	4949
16	1867997	0.0000	5663
16	1868124	0.0000	5790
16	1868388	0.0004	6054
16	1868673	0.0000	6339
16	1868736	0.0004	6402
16	1868973	0.0000	6639
16	1869270	0.0000	6936
16	1869430	0.0000	7096
16	1869450	0.0008	7116
16	1869529	0.0012	7195
16	1869754	0.0004	7420
16	1869767	0.0000	7433
16	1869958	0.0000	7624
16	1870022	0.0000	7688
16	1870027	0.0000	7693
16	1870121	0.0000	7787
16	1870180	0.0000	7846
16	1870216	0.0000	7882
16	1870315	0.0000	7981
16	1870430	0.0000	8096
16	1870578	0.0004	8244
16	1870628	0.0004	8294
16	1870677	0.0000	8343
16	1870739	0.0000	8405
16	1870756	0.0000	8422
16	1870791	0.0000	8457
16	1870835	0.0000	8501
16	1870964	0.0004	8630
16	1870988	0.0004	8654
16	1871119	64.0000	8785
16	6728073	0.0004	0
16	6728082	0.0000	9
16	6728376	0.0004	303
16	6728870	0.0008	797
16	6728995	0.0008	922
16	6729020	0.0000	947
16	6729106	0.0000	1033
16	6729274	0.0000	1201
16	6729473	0.0000	1400
16	6729798	0.0000	1725
16	6729958	0.0000	1885
16	6729985	0.0000	1912
16	6729997	0.0008	1924
16	6730095	0.0008	2022
16	6730402	0.0000	2329
16	6730449	0.0004	2376
16	6730615	0.0000	2542
16	6731134	0.0000	3061
16	6731329	0.0000	3256
16	6731381	0.0000	3308
16	6731419	0.0000	3346
16	6731488	0.0000	3415
16	6731590	0.0000	3517
16	6731747	0.0000	3674
16	6731829	0.0000	3756
16	6732181	0.0000	4108
16	6732278	0.0004	4205
16	6732501	0.0004	4428
16	6732676	0.0004	4603
16	6733156	0.0000	5083
16	6733172	0.0004	5099
16	6733645	0.0004	5572
16	6733944	0.0004	5871
16	6734123	0.0004	6050
16	6734280	0.0000	6207
16	6734296	35.0000	6223
16	7039594	0.0000	0
16	7039727	0.0000	133
16	7039869	0.0000	275
16	7039918	0.0000	324
16	7040114	0.0000	520
16	7040308	0.0000	714
16	7040311	0.0004	717
16	7040314	0.0004	720
16	7040459	0.0000	865
16	7040464	0.0000	870
16	7040465	0.0000	871
16	7040474	0.0000	880
16	7040481	0.0008	887
16	7040538	0.0012	944
16	7040603	0.0008	1009
16	7040700	0.0004	1106
16	7040740	0.0008	1146
16	7040771	0.0000	1177
16	7040784	0.0000	1190
16	7040822	0.0004	1228
16	7040979	0.0004	1385
16	7041018	0.0004	1424
16	7041099	0.0000	1505
16	7041311	0.0000	1717
16	7041313	0.0000	1719
16	7041331	0.0000	1737
16	7041364	0.0000	1770
16	7041369	0.0000	1775
16	7041412	0.0000	1818
16	7041451	0.0000	1857
16	7041737	0.0004	2143
16	7041794	0.0004	2200
16	7041850	0.0000	2256
16	7041976	0.0000	2382
16	7041987	0.0000	2393
16	7042052	0.0012	2458
16	7042134	0.0012	2540
16	7042483	0.0000	2889
16	7042513	38.0000	2919
16	7810482	0.0000	0
16	7810723	0.0008	241
16	7810804	0.0000	322
16	7810949	0.0000	467
16	7810976	0.0000	494
16	7811176	0.0004	694
16	7812201	0.0012	1719
16	7812590	0.0000	2108
16	7812604	0.0008	2122
16	7812723	0.0008	2241
16	7813683	0.0008	3201
16	7813726	0.0004	3244
16	7813780	0.0012	3298
16	7813989	0.0004	3507
16	7814143	0.0000	3661
16	7814212	0.0000	3730
16	7814530	0.0000	4048
16	7814578	0.0004	4096
16	7815293	0.0004	4811
16	7815374	0.0000	4892
16	7815615	0.0004	5133
16	7816291	21.0000	5809
16	7959352	0.0004	0
16	7959568	0.0004	216
16	7959626	0.0000	274
16	7959819	0.0000	467
16	7959870	0.0000	518
16	7959886	0.0004	534
16	7959996	0.0004	644
16	7960232	0.0012	880
16	7960488	0.0012	1136
16	7960581	0.0000	1229
16	7960613	0.0000	1261
16	7960619	0.0000	1267
16	7960634	0.0000	1282
16	7961506	0.0000	2154
16	7962046	0.0000	2694
16	7962457	0.0000	3105
16	7962677	0.0000	3325
16	7962785	0.0004	3433
16	7962803	0.0004	3451
16	7963107	0.0004	3755
16	7963483	0.0004	4131
16	7963517	0.0012	4165
16	7963576	0.0012	4224
16	7963588	0.0008	4236
16	7963738	24.0000	4386
16	8071611	0.0004	0
16	8071675	0.0004	64
16	8071699	0.0004	88
16	8071788	0.0000	177
16	8071820	0.0000	209
16	8071872	0.0004	261
16	8072250	0.0000	639
16	8072251	0.0000	640
16	8072372	0.0000	761
16	8072656	0.0000	1045
16	8072940	0.0012	1329
16	8073245	0.0004	1634
16	8073466	0.0004	1855
16	8073681	0.0004	2070
16	8073844	0.0000	2233
16	8073860	0.0004	2249
16	8074009	0.0008	2398
16	8074083	0.0000	2472
16	8074435	0.0000	2824
16	8074471	0.0000	2860
16	8074536	0.0000	2925
16	8074557	0.0004	2946
16	8074752	22.0000	3141
16	8075136	0.0004	0
16	8075291	0.0004	155
16	8075419	0.0000	283
16	8075431	0.0000	295
16	8075541	0.0004	405
16	8075582	0.0004	446
16	8075730	0.0000	594
16	8075805	0.0000	669
16	8075865	0.0000	729
16	8075976	0.0004	840
16	8076204	0.0004	1068
16	8076257	0.0000	1121
16	8076319	0.0000	1183
16	8076367	0.0000	1231
16	8076406	0.0000	1270
16	8076580	0.0012	1444
16	8076712	0.0012	1576
16	8076740	0.0000	1604
16	8077022	0.0000	1886
16	8077052	0.0000	1916
16	8077626	0.0000	2490
16	8077823	0.0008	2687
16	8078018	0.0008	2882
16	8078056	0.0000	2920
16	8078185	0.0000	3049
16	8078336	25.0000	3200
16	8104816	0.0004	0
16	8104993	0.0004	177
16	8105011	0.0004	195
16	8105071	0.0000	255
16	8105241	0.0012	425
16	8105370	0.0012	554
16	8105492	0.0004	676
16	8105734	0.0004	918
16	8105750	0.0004	934
16	8106026	0.0000	1210
16	8106054	0.0000	1238
16	8106226	0.0000	1410
16	8106277	0.0000	1461
16	8106280	0.0000	1464
16	8106361	0.0000	1545
16	8106428	0.0000	1612
16	8106521	0.0000	1705
16	8106551	0.0000	1735
16	8106575	0.0000	1759
16	8107092	0.0000	2276
16	8107106	0.0000	2290
16	8107180	0.0004	2364
16	8107325	22.0000	2509
16	8150670	0.0000	0
16	8150831	0.0004	161
16	8150847	0.0008	177
16	8150879	0.0008	209
16	8151112	0.0004	442
16	8151438	0.0008	768
16	8151499	0.0012	829
16	8151660	0.0008	990
16	8151879	0.0004	1209
16	8152272	0.0000	1602
16	8152321	0.0000	1651
16	8155122	0.0000	4452
16	8155222	0.0004	4552
16	8155298	0.0012	4628
16	8155817	0.0000	5147
16	8155876	0.0000	5206
16	8155935	0.0000	5265
16	8156056	0.0004	5386
16	8156602	0.0008	5932
16	8156698	0.0004	6028
16	8156836	0.0000	6166
16	8156946	0.0000	6276
16	8156955	0.0012	6285
16	8158607	0.0008	7937
16	8158881	0.0004	8211
16	8158895	0.0000	8225
16	8159180	0.0004	8510
16	8159396	0.0012	8726
16	8159530	0.0012	8860
16	8160269	0.0000	9599
16	8160336	0.0000	9666
16	8160634	31.0000	9964
16	8421489	0.0004	0
16	8421499	0.0000	10
16	8421552	0.0000	63
16	8421592	0.0000	103
16	8421596	0.0000	107
16	8421625	0.0004	136
16	8422287	0.0000	798
16	8422326	0.0012	837
16	8422334	0.0012	845
16	8422651	0.0004	1162
16	8422705	0.0000	1216
16	8422951	0.0000	1462
16	8423008	0.0000	1519
16	8423230	0.0000	1741
16	8423445	0.0000	1956
16	8423958	0.0000	2469
16	8423978	0.0000	2489
16	8423994	0.0000	2505
16	8424286	0.0000	2797
16	8424672	0.0008	3183
16	8425034	20.0000	3545
16	10070742	0.0000	0
16	10072054	0.0000	1312
16	10072545	0.0000	1803
16	10072830	0.0000	2088
16	10072920	0.0004	2178
16	10073398	0.0004	2656
16	10073441	0.0000	2699
16	10073781	0.0000	3039
16	10074103	0.0000	3361
16	10074119	0.0000	3377
16	10074275	0.0000	3533
16	10074451	0.0000	3709
16	10075129	0.0000	4387
16	10075422	0.0000	4680
16	10075889	0.0000	5147
16	10075899	0.0000	5157
16	10075956	0.0004	5214
16	10076108	0.0000	5366
16	10076194	0.0000	5452
16	10076260	0.0008	5518
16	10076334	0.0000	5592
16	10076461	0.0004	5719
16	10076512	0.0004	5770
16	10076590	0.0000	5848
16	10076610	0.0000	5868
16	10076640	0.0008	5898
16	10076752	0.0008	6010
16	10076971	0.0000	6229
16	10077230	28.0000	6488
16	10665609	0.0004	0
16	10665633	0.0004	24
16	10665712	0.0008	103
16	10665851	0.0008	242
16	10666527	0.0000	918
16	10666580	0.0008	971
16	10666777	0.0012	1168
16	10666880	0.0000	1271
16	10666930	0.0000	1321
16	10667188	0.0008	1579
16	10667306	0.0012	1697
16	10667496	0.0008	1887
16	10667684	0.0008	2075
16	10668027	0.0000	2418
16	10668161	0.0004	2552
16	10668268	0.0000	2659
16	10668438	0.0000	2829
16	10668524	0.0000	2915
16	10668724	0.0008	3115
16	10669057	0.0008	3448
16	10669191	20.0000	3582
16	12950970	0.0008	0
16	12953165	0.0012	2195
16	12953741	0.0012	2771
16	12953877	0.0000	2907
16	12954538	0.0000	3568
16	12954984	0.0012	4014
16	12955700	0.0012	4730
16	12955892	0.0012	4922
16	12956049	0.0012	5079
16	12957829	0.0004	6859
16	12958989	0.0000	8019
16	12959279	0.0000	8309
16	12959283	0.0000	8313
16	12959330	0.0000	8360
16	12959413	0.0000	8443
16	12960025	0.0004	9055
16	12960067	0.0004	9097
16	12960094	0.0000	9124
16	12960180	0.0000	9210
16	12960408	0.0008	9438
16	12961040	0.0012	10070
16	12961363	0.0004	10393
16	12961909	0.0000	10939
16	12963343	0.0000	12373
16	12965682	0.0012	14712
16	12968375	25.0000	17405
16	19397099	0.0000	0
16	19397754	0.0000	655
16	19398018	0.0000	919
16	19398195	0.0000	1096
16	19398274	0.0000	1175
16	19398338	0.0000	1239
16	19398440	0.0000	1341
16	19398764	0.0000	1665
16	19398857	0.0000	1758
16	19399095	0.0000	1996
16	19399433	0.0004	2334
16	19399460	0.0000	2361
16	19399464	0.0004	2365
16	19399560	0.0008	2461
16	19399948	0.0008	2849
16	19399972	0.0000	2873
16	19400411	0.0000	3312
16	19400692	0.0000	3593
16	19400956	0.0004	3857
16	19401138	0.0004	4039
16	19401169	0.0000	4070
16	19401183	0.0000	4084
16	19401294	0.0004	4195
16	19401445	0.0004	4346
16	19401638	0.0000	4539
16	19401660	0.0000	4561
16	19401719	0.0000	4620
16	19401722	0.0000	4623
16	19401904	0.0004	4805
16	19402016	0.0008	4917
16	19402068	0.0004	4969
16	19402109	0.0000	5010
16	19402289	0.0008	5190
16	19402328	0.0008	5229
16	19402341	0.0000	5242
16	19402450	0.0008	5351
16	19402569	0.0008	5470
16	19402601	0.0004	5502
16	19402664	0.0008	5565
16	19402801	0.0008	5702
16	19403102	0.0008	6003
16	19403806	0.0000	6707
16	19403861	0.0000	6762
16	19404631	0.0000	7532
16	19404740	44.0000	7641
16	19492276	0.0012	0
16	19493229	0.0004	953
16	19493707	0.0004	1431
16	19493960	0.0004	1684
16	19494084	0.0004	1808
16	19494408	0.0000	2132
16	19494491	0.0000	2215
16	19494530	0.0000	2254
16	19494721	0.0000	2445
16	19494917	0.0008	2641
16	19495709	0.0008	3433
16	19495877	0.0008	3601
16	19497251	0.0004	4975
16	19497261	0.0012	4985
16	19497502	0.0012	5226
16	19498927	0.0000	6651
16	19499779	0.0000	7503
16	19500069	0.0000	7793
16	19500794	0.0000	8518
16	19501067	0.0012	8791
16	19501599	0.0004	9323
16	19503161	0.0004	10885
16	19509859	0.0012	17583
16	19509940	0.0012	17664
16	19510466	0.0000	18190
16	19510616	0.0004	18340
16	19511072	0.0004	18796
16	19512292	0.0000	20016
16	19513444	0.0000	21168
16	19513549	0.0000	21273
16	19514219	0.0000	21943
16	19514272	0.0000	21996
16	19515620	0.0012	23344
16	19516795	0.0000	24519
16	19517720	0.0012	25444
16	19519126	0.0000	26850
16	19519882	36.0000	27606
16	20428246	0.0012	0
16	20428329	0.0012	83
16	20428378	0.0004	132
16	20428512	0.0004	266
16	20428629	0.0000	383
16	20428853	0.0000	607
16	20428952	0.0000	706
16	20429104	0.0000	858
16	20429194	0.0012	948
16	20429264	0.0012	1018
16	20429333	0.0008	1087
16	20429631	0.0000	1385
16	20429698	0.0008	1452
16	20429755	0.0008	1509
16	20429963	0.0000	1717
16	20430070	0.0004	1824
16	20430234	0.0000	1988
16	20430238	0.0000	1992
16	20430243	0.0004	1997
16	20430383	0.0000	2137
16	20430465	0.0004	2219
16	20430794	0.0000	2548
16	20430795	0.0004	2549
16	20430831	0.0004	2585
16	20430832	0.0012	2586
16	20431331	0.0000	3085
16	20431483	0.0004	3237
16	20431533	0.0008	3287
16	20431604	0.0004	3358
16	20431690	0.0004	3444
16	20432124	0.0004	3878
16	20432268	31.0000	4022
16	20448837	0.0000	0
16	20449100	0.0000	263
16	20449111	0.0000	274
16	20449123	0.0000	286
16	20449184	0.0000	347
16	20449201	0.0000	364
16	20449254	0.0000	417
16	20449262	0.0000	425
16	20449271	0.0000	434
16	20449319	0.0000	482
16	20449325	0.0000	488
16	20449452	0.0000	615
16	20449457	0.0000	620
16	20449500	0.0000	663
16	20449607	0.0000	770
16	20449646	0.0000	809
16	20449719	0.0000	882
16	20449740	0.0000	903
16	20449855	0.0000	1018
16	20449922	0.0000	1085
16	20449925	20.0000	1088
16	20620256	0.0012	0
16	20620764	0.0012	508
16	20623453	0.0000	3197
16	20623795	0.0004	3539
16	20626284	0.0004	6028
16	20628309	0.0004	8053
16	20628843	0.0008	8587
16	20631015	0.0004	10759
16	20631694	0.0004	11438
16	20633693	0.0000	13437
16	20634165	0.0004	13909
16	20634306	0.0008	14050
16	20634982	0.0004	14726
16	20635205	0.0000	14949
16	20636565	0.0008	16309
16	20637380	0.0008	17124
16	20638562	0.0004	18306
16	20638970	0.0000	18714
16	20641514	0.0004	21258
16	20644086	0.0000	23830
16	20646290	0.0000	26034
16	20646460	21.0000	26204
16	23000558	0.0012	0
16	23000586	0.0000	28
16	23000740	0.0000	182
16	23000774	0.0000	216
16	23000894	0.0008	336
16	23001019	0.0012	461
16	23001255	0.0004	697
16	23001497	0.0000	939
16	23001522	0.0000	964
16	23001666	0.0000	1108
16	23002009	0.0000	1451
16	23002033	0.0000	1475
16	23002234	0.0000	1676
16	23002315	0.0000	1757
16	23002376	0.0000	1818
16	23002562	0.0000	2004
16	23002586	0.0000	2028
16	23002714	0.0000	2156
16	23002824	0.0000	2266
16	23002854	0.0004	2296
16	23002895	0.0000	2337
16	23002929	0.0008	2371
16	23003110	22.0000	2552
16	23210639	0.0000	0
16	23210841	0.0000	202
16	23210974	0.0000	335
16	23211095	0.0000	456
16	23211239	0.0000	600
16	23211249	0.0000	610
16	23211354	0.0000	715
16	23211837	0.0000	1198
16	23211912	0.0000	1273
16	23211941	0.0000	1302
16	23211979	0.0000	1340
16	23212785	0.0000	2146
16	23213095	0.0000	2456
16	23213196	0.0000	2557
16	23213377	0.0000	2738
16	23213720	0.0000	3081
16	23214663	0.0000	4024
16	23215466	0.0000	4827
16	23215628	0.0000	4989
16	23215705	0.0000	5066
16	23215737	0.0000	5098
16	23216075	0.0000	5436
16	23216144	0.0000	5505
16	23217214	0.0000	6575
16	23217660	0.0004	7021
16	23217740	0.0004	7101
16	23217749	0.0000	7110
16	23217835	0.0000	7196
16	23217856	0.0000	7217
16	23217879	0.0004	7240
16	23217946	0.0004	7307
16	23217969	0.0008	7330
16	23218261	32.0000	7622
16	23218474	0.0000	0
16	23218602	0.0000	128
16	23218659	0.0000	185
16	23218695	0.0000	221
16	23219026	0.0000	552
16	23219081	0.0000	607
16	23219084	0.0000	610
16	23219472	0.0000	998
16	23219558	0.0000	1084
16	23219756	0.0000	1282
16	23219789	0.0008	1315
16	23219942	0.0012	1468
16	23220383	0.0000	1909
16	23220597	0.0004	2123
16	23220690	0.0004	2216
16	23220795	0.0000	2321
16	23221305	0.0000	2831
16	23221544	0.0000	3070
16	23221636	0.0000	3162
16	23221664	0.0000	3190
16	23221816	0.0012	3342
16	23223222	0.0008	4748
16	23223469	0.0000	4995
16	23223509	0.0000	5035
16	23224053	0.0004	5579
16	23224769	0.0000	6295
16	23226160	26.0000	7686
16	25267186	0.0000	0
16	25267194	0.0000	8
16	25267456	0.0000	270
16	25267501	0.0000	315
16	25268120	0.0000	934
16	25268934	0.0000	1748
16	25269003	0.0000	1817
16	25269012	0.0000	1826
16	25269037	0.0000	1851
16	25269657	0.0000	2471
16	25269899	0.0000	2713
16	25269933	0.0000	2747
16	25270272	0.0000	3086
16	25270527	0.0000	3341
16	25271108	0.0000	3922
16	25271365	0.0000	4179
16	25271620	0.0000	4434
16	25271875	0.0000	4689
16	25272305	0.0004	5119
16	25272345	0.0008	5159
16	25272818	0.0004	5632
16	25272830	0.0000	5644
16	25272996	0.0000	5810
16	25273450	0.0000	6264
16	25273779	0.0000	6593
16	25273976	0.0000	6790
16	25274929	0.0000	7743
16	25274952	0.0000	7766
16	25275422	0.0008	8236
16	25275597	0.0012	8411
16	25278040	30.0000	10854
16	25279006	0.0000	0
16	25279320	0.0004	314
16	25279761	0.0008	755
16	25280726	0.0004	1720
16	25280803	0.0000	1797
16	25280820	0.0000	1814
16	25280986	0.0000	1980
16	25281026	0.0004	2020
16	25281062	0.0004	2056
16	25281264	0.0000	2258
16	25281342	0.0000	2336
16	25281376	0.0000	2370
16	25281537	0.0000	2531
16	25281544	0.0000	2538
16	25282529	0.0000	3523
16	25283270	0.0000	4264
16	25283387	0.0000	4381
16	25283432	0.0000	4426
16	25283479	0.0000	4473
16	25283872	0.0000	4866
16	25284030	0.0000	5024
16	25284053	0.0008	5047
16	25284128	0.0008	5122
16	25285003	0.0004	5997
16	25285055	0.0000	6049
16	25285057	0.0004	6051
16	25285117	0.0004	6111
16	25285565	0.0004	6559
16	25285695	0.0000	6689
16	25285707	0.0000	6701
16	25285810	0.0000	6804
16	25285904	0.0008	6898
16	25286095	0.0008	7089
16	25286189	0.0000	7183
16	25286383	0.0000	7377
16	25286444	0.0000	7438
16	25286579	0.0000	7573
16	25286735	0.0000	7729
16	25287232	0.0000	8226
16	25287298	0.0000	8292
16	25287341	0.0000	8335
16	25287404	0.0000	8398
16	25287446	0.0000	8440
16	25287483	0.0000	8477
16	25288198	0.0000	9192
16	25288239	0.0004	9233
16	25288339	0.0004	9333
16	25288465	0.0000	9459
16	25288466	0.0000	9460
16	25288610	0.0000	9604
16	25288649	0.0004	9643
16	25288919	0.0012	9913
16	25289158	0.0008	10152
16	25289181	0.0008	10175
16	25289264	0.0004	10258
16	25289384	0.0008	10378
16	25289789	0.0000	10783
16	25289796	0.0004	10790
16	25289817	0.0004	10811
16	25290012	0.0000	11006
16	25290024	0.0000	11018
16	25290092	0.0000	11086
16	25290242	0.0000	11236
16	25290278	0.0000	11272
16	25290442	0.0000	11436
16	25290475	0.0000	11469
16	25290553	0.0008	11547
16	25291395	0.0008	12389
16	25291596	0.0000	12590
16	25292229	69.0000	13223
16	25324351	0.0000	0
16	25324433	0.0008	82
16	25325863	0.0008	1512
16	25327953	0.0004	3602
16	25333105	0.0004	8754
16	25333266	0.0000	8915
16	25333385	0.0000	9034
16	25334371	0.0000	10020
16	25334761	0.0004	10410
16	25334862	0.0000	10511
16	25334864	0.0004	10513
16	25334894	0.0000	10543
16	25335181	0.0000	10830
16	25335422	0.0000	11071
16	25335575	0.0000	11224
16	25335813	0.0000	11462
16	25335917	0.0004	11566
16	25336346	0.0000	11995
16	25336357	0.0004	12006
16	25336627	0.0000	12276
16	25336789	0.0000	12438
16	25336819	0.0000	12468
16	25336886	0.0000	12535
16	25338012	0.0000	13661
16	25338165	0.0000	13814
16	25338541	0.0008	14190
16	25338762	0.0008	14411
16	25338879	0.0000	14528
16	25338917	0.0000	14566
16	25339197	0.0000	14846
16	25339219	0.0000	14868
16	25339220	0.0000	14869
16	25339304	0.0000	14953
16	25339323	0.0000	14972
16	25339691	0.0000	15340
16	25339830	0.0000	15479
16	25340124	0.0008	15773
16	25340371	0.0000	16020
16	25340387	0.0012	16036
16	25340463	39.0000	16112
16	26090412	0.0008	0
16	26090480	0.0004	68
16	26090559	0.0000	147
16	26090589	0.0000	177
16	26090723	0.0000	311
16	26090875	0.0000	463
16	26090883	0.0000	471
16	26090945	0.0000	533
16	26090980	0.0000	568
16	26091056	0.0000	644
16	26091065	0.0000	653
16	26091258	0.0000	846
16	26091341	0.0004	929
16	26091397	0.0004	985
16	26091623	0.0000	1211
16	26091747	0.0000	1335
16	26092207	0.0000	1795
16	26092421	0.0000	2009
16	26092781	0.0000	2369
16	26092928	0.0000	2516
16	26093009	0.0000	2597
16	26093083	0.0000	2671
16	26093100	0.0000	2688
16	26093143	0.0000	2731
16	26093203	0.0000	2791
16	26093380	0.0000	2968
16	26093532	0.0004	3120
16	26093586	0.0004	3174
16	26093617	0.0000	3205
16	26093736	0.0000	3324
16	26094214	0.0000	3802
16	26094337	0.0004	3925
16	26094805	0.0000	4393
16	26094915	0.0000	4503
16	26095122	0.0000	4710
16	26095146	0.0008	4734
16	26096362	0.0000	5950
16	26096585	0.0000	6173
16	26096838	0.0000	6426
16	26096974	0.0000	6562
16	26097210	40.0000	6798
16	26501034	0.0004	0
16	26501247	0.0000	213
16	26501254	0.0004	220
16	26501368	0.0004	334
16	26501471	0.0012	437
16	26501626	0.0008	592
16	26501854	0.0004	820
16	26501946	0.0004	912
16	26502135	0.0000	1101
16	26502452	0.0000	1418
16	26502541	0.0000	1507
16	26502593	0.0000	1559
16	26502781	0.0004	1747
16	26502790	0.0004	1756
16	26503395	0.0000	2361
16	26503396	0.0000	2362
16	26503404	0.0000	2370
16	26503418	0.0000	2384
16	26503459	0.0000	2425
16	26503461	0.0000	2427
16	26503751	0.0000	2717
16	26503795	0.0000	2761
16	26503807	0.0000	2773
16	26503834	0.0000	2800
16	26503938	0.0000	2904
16	26504026	0.0000	2992
16	26504031	26.0000	2997
16	28170526	0.0000	0
16	28171350	0.0000	824
16	28171855	0.0008	1329
16	28173092	0.0008	2566
16	28173782	0.0000	3256
16	28174479	0.0000	3953
16	28174509	0.0000	3983
16	28174708	0.0000	4182
16	28174794	0.0000	4268
16	28175399	0.0004	4873
16	28176514	0.0004	5988
16	28177968	0.0000	7442
16	28181249	0.0000	10723
16	28186197	0.0000	15671
16	28188984	0.0000	18458
16	28190865	0.0000	20339
16	28193561	0.0000	23035
16	28196608	0.0000	26082
16	28196887	0.0000	26361
16	28199087	0.0004	28561
16	28201775	0.0000	31249
16	28206338	21.0000	35812
16	28220182	0.0012	0
16	28220745	0.0004	563
16	28220930	0.0000	748
16	28220931	0.0000	749
16	28221334	0.0000	1152
16	28221559	0.0004	1377
16	28223390	0.0004	3208
16	28223984	0.0000	3802
16	28224404	0.0000	4222
16	28224435	0.0000	4253
16	28224441	0.0000	4259
16	28224465	0.0000	4283
16	28224943	0.0000	4761
16	28225085	0.0008	4903
16	28225643	0.0008	5461
16	28226082	0.0000	5900
16	28226531	0.0000	6349
16	28226616	0.0004	6434
16	28227155	0.0004	6973
16	28227241	0.0000	7059
16	28227948	0.0000	7766
16	28228028	0.0000	7846
16	28228751	0.0000	8569
16	28232033	0.0004	11851
16	28234817	0.0004	14635
16	28234897	25.0000	14715
16	28820038	0.0000	0
16	28821061	0.0000	1023
16	28821776	0.0004	1738
16	28821978	0.0004	1940
16	28824884	0.0012	4846
16	28828104	0.0000	8066
16	28828609	0.0000	8571
16	28831704	0.0000	11666
16	28831797	0.0000	11759
16	28832963	0.0000	12925
16	28833044	0.0000	13006
16	28833930	0.0000	13892
16	28835519	0.0000	15481
16	28835545	0.0000	15507
16	28835828	0.0000	15790
16	28837497	0.0004	17459
16	28842675	0.0000	22637
16	28843448	0.0000	23410
16	28844201	0.0000	24163
16	28844406	0.0008	24368
16	28848481	0.0004	28443
16	28848862	0.0000	28824
16	28848916	0.0004	28878
16	28850413	0.0004	30375
16	28853352	0.0004	33314
16	28853721	0.0000	33683
16	28854571	0.0000	34533
16	28855740	0.0000	35702
16	28856483	0.0000	36445
16	28859275	0.0000	39237
16	28860532	0.0000	40494
16	28860539	0.0000	40501
16	28860668	0.0000	40630
16	28861277	0.0008	41239
16	28863226	0.0004	43188
16	28863801	0.0000	43763
16	28863883	0.0000	43845
16	28864161	0.0004	44123
16	28869881	0.0004	49843
16	28871103	0.0000	51065
16	28871920	0.0000	51882
16	28874610	0.0004	54572
16	28878165	0.0004	58127
16	28878810	0.0004	58772
16	28880144	0.0012	60106
16	28881816	0.0004	61778
16	28882211	46.0000	62173
16	34162701	0.0004	0
16	34162706	0.0000	5
16	34162717	0.0000	16
16	34162730	0.0012	29
16	34162732	0.0012	31
16	34162735	0.0000	34
16	34162757	0.0000	56
16	34162777	0.0000	76
16	34162789	0.0000	88
16	34162802	0.0000	101
16	34162854	0.0000	153
16	34162855	0.0000	154
16	34162864	0.0000	163
16	34162873	0.0000	172
16	34162883	0.0000	182
16	34162895	0.0000	194
16	34162922	0.0000	221
16	34162940	0.0000	239
16	34162941	0.0000	240
16	34162989	0.0000	288
16	34162993	0.0000	292
16	34163022	0.0000	321
16	34163026	0.0000	325
16	34163029	0.0000	328
16	34163038	0.0000	337
16	34163066	0.0000	365
16	34163071	0.0000	370
16	34163075	0.0000	374
16	34163093	0.0000	392
16	34163115	0.0000	414
16	34163122	0.0000	421
16	34163177	0.0000	476
16	34163188	0.0000	487
16	34163199	0.0000	498
16	34163202	0.0000	501
16	34163223	0.0000	522
16	34163241	0.0000	540
16	34163244	0.0000	543
16	34163260	0.0000	559
16	34163264	0.0000	563
16	34163268	0.0000	567
16	34163274	0.0000	573
16	34163313	0.0000	612
16	34163345	0.0000	644
16	34163346	0.0000	645
16	34163380	0.0000	679
16	34163398	0.0000	697
16	34163433	0.0000	732
16	34163434	0.0008	733
16	34163484	0.0000	783
16	34163485	0.0000	784
16	34163503	0.0000	802
16	34163505	0.0004	804
16	34163508	0.0008	807
16	34163599	0.0000	898
16	34163621	0.0000	920
16	34163636	0.0000	935
16	34163710	0.0000	1009
16	34163722	0.0000	1021
16	34163739	0.0000	1038
16	34163752	0.0000	1051
16	34163770	0.0000	1069
16	34163790	0.0000	1089
16	34163796	0.0000	1095
16	34163799	0.0004	1098
16	34163927	0.0000	1226
16	34163934	0.0000	1233
16	34163956	0.0000	1255
16	34164028	0.0000	1327
16	34164039	0.0000	1338
16	34164062	0.0000	1361
16	34164086	0.0000	1385
16	34164092	0.0000	1391
16	34164115	0.0000	1414
16	34164116	0.0000	1415
16	34164119	0.0000	1418
16	34164168	0.0012	1467
16	34164198	77.0000	1497
16	34166569	0.0008	0
16	34166692	0.0000	123
16	34166696	0.0000	127
16	34166707	0.0000	138
16	34166721	0.0004	152
16	34166732	0.0004	163
16	34166742	0.0000	173
16	34166743	0.0004	174
16	34166831	0.0000	262
16	34166927	0.0000	358
16	34166933	0.0000	364
16	34166938	0.0008	369
16	34166939	0.0012	370
16	34166981	0.0000	412
16	34167277	0.0000	708
16	34167565	0.0000	996
16	34167574	0.0000	1005
16	34167604	0.0000	1035
16	34167640	0.0000	1071
16	34167648	0.0000	1079
16	34167838	0.0000	1269
16	34167846	0.0000	1277
16	34167911	0.0000	1342
16	34167938	0.0000	1369
16	34167951	0.0000	1382
16	34167970	0.0000	1401
16	34167973	0.0000	1404
16	34168070	0.0000	1501
16	34168075	0.0000	1506
16	34168121	0.0000	1552
16	34168133	0.0000	1564
16	34168156	0.0000	1587
16	34168180	0.0000	1611
16	34168261	0.0000	1692
16	34168307	0.0000	1738
16	34168321	0.0000	1752
16	34168335	0.0000	1766
16	34168692	0.0000	2123
16	34168713	38.0000	2144
16	34170441	0.0000	0
16	34170534	0.0000	93
16	34170628	0.0000	187
16	34170629	0.0000	188
16	34170645	0.0000	204
16	34170701	0.0000	260
16	34170773	0.0000	332
16	34170802	0.0000	361
16	34170862	0.0000	421
16	34170886	0.0000	445
16	34170940	0.0000	499
16	34170944	0.0000	503
16	34171359	0.0000	918
16	34171375	0.0000	934
16	34171917	0.0000	1476
16	34171928	0.0008	1487
16	34172243	0.0000	1802
16	34172258	0.0000	1817
16	34172272	0.0000	1831
16	34172316	0.0000	1875
16	34172323	0.0000	1882
16	34172332	0.0000	1891
16	34172344	0.0000	1903
16	34172346	0.0000	1905
16	34172387	0.0000	1946
16	34172420	0.0000	1979
16	34172433	0.0000	1992
16	34172443	0.0008	2002
16	34172549	0.0004	2108
16	34172616	0.0000	2175
16	34172663	0.0000	2222
16	34172707	0.0000	2266
16	34172711	0.0000	2270
16	34172785	0.0000	2344
16	34172849	0.0000	2408
16	34172854	0.0008	2413
16	34173003	0.0000	2562
16	34173155	0.0000	2714
16	34173174	0.0000	2733
16	34173183	0.0000	2742
16	34173189	0.0000	2748
16	34173206	0.0000	2765
16	34173417	0.0000	2976
16	34173418	0.0000	2977
16	34173446	0.0000	3005
16	34173565	0.0000	3124
16	34173575	0.0000	3134
16	34173798	0.0000	3357
16	34173810	0.0004	3369
16	34173873	0.0000	3432
16	34173893	0.0000	3452
16	34173904	0.0004	3463
16	34173937	0.0000	3496
16	34173945	0.0000	3504
16	34173965	0.0000	3524
16	34173978	0.0004	3537
16	34174088	0.0000	3647
16	34174149	0.0000	3708
16	34174153	0.0000	3712
16	34174215	0.0000	3774
16	34174257	0.0000	3816
16	34174269	0.0000	3828
16	34174291	0.0000	3850
16	34174306	0.0000	3865
16	34174361	0.0000	3920
16	34174530	0.0000	4089
16	34174534	0.0000	4093
16	34174552	0.0000	4111
16	34174570	0.0000	4129
16	34174624	0.0000	4183
16	34174678	0.0000	4237
16	34174679	0.0000	4238
16	34174798	0.0000	4357
16	34174862	0.0000	4421
16	34174890	0.0000	4449
16	34174900	0.0000	4459
16	34174932	0.0000	4491
16	34174938	0.0004	4497
16	34175005	0.0000	4564
16	34175006	0.0000	4565
16	34175017	0.0008	4576
16	34175119	0.0000	4678
16	34175123	0.0000	4682
16	34175137	0.0000	4696
16	34175138	0.0000	4697
16	34175162	0.0000	4721
16	34175206	0.0000	4765
16	34175520	0.0000	5079
16	34175547	0.0000	5106
16	34175648	0.0000	5207
16	34175649	0.0000	5208
16	34175716	0.0000	5275
16	34175749	0.0000	5308
16	34175795	0.0000	5354
16	34175831	0.0000	5390
16	34175905	0.0000	5464
16	34175922	0.0000	5481
16	34175985	0.0000	5544
16	34176079	0.0000	5638
16	34176087	0.0000	5646
16	34176106	0.0000	5665
16	34176107	0.0000	5666
16	34176119	0.0012	5678
16	34176379	0.0000	5938
16	34176399	0.0000	5958
16	34176413	105.0000	5972
16	34181294	0.0000	0
16	34181295	0.0000	1
16	34181335	0.0000	41
16	34181343	0.0000	49
16	34181344	0.0000	50
16	34181382	0.0000	88
16	34181412	0.0000	118
16	34181500	0.0000	206
16	34181516	0.0000	222
16	34181596	0.0000	302
16	34181675	0.0000	381
16	34181679	0.0000	385
16	34181711	0.0000	417
16	34181720	0.0000	426
16	34181781	0.0000	487
16	34181817	0.0000	523
16	34181837	0.0000	543
16	34181850	0.0000	556
16	34181859	0.0000	565
16	34181861	0.0000	567
16	34181894	0.0004	600
16	34181976	0.0004	682
16	34181983	0.0004	689
16	34182002	0.0004	708
16	34182079	0.0000	785
16	34182116	0.0000	822
16	34182167	26.0000	873
16	34184228	0.0000	0
16	34184252	0.0000	24
16	34184283	0.0000	55
16	34184289	0.0000	61
16	34184293	0.0000	65
16	34184303	0.0000	75
16	34184331	0.0000	103
16	34184332	0.0004	104
16	34184350	0.0000	122
16	34184355	0.0004	127
16	34184361	0.0000	133
16	34184513	0.0000	285
16	34184548	0.0000	320
16	34184669	0.0000	441
16	34184680	0.0000	452
16	34184754	0.0000	526
16	34184764	0.0000	536
16	34184778	0.0000	550
16	34184795	0.0000	567
16	34184831	0.0012	603
16	34185025	0.0000	797
16	34185031	0.0008	803
16	34185075	0.0000	847
16	34185083	0.0000	855
16	34185112	0.0000	884
16	34185134	0.0000	906
16	34185167	0.0000	939
16	34185169	0.0000	941
16	34185178	0.0000	950
16	34185285	0.0000	1057
16	34185293	0.0000	1065
16	34185311	0.0000	1083
16	34185330	0.0000	1102
16	34185409	0.0000	1181
16	34185464	0.0000	1236
16	34185482	0.0000	1254
16	34185487	0.0000	1259
16	34185503	0.0008	1275
16	34185537	0.0008	1309
16	34185691	0.0000	1463
16	34185734	0.0000	1506
16	34185740	0.0000	1512
16	34185760	0.0000	1532
16	34185828	0.0000	1600
16	34185841	0.0000	1613
16	34185864	0.0000	1636
16	34185877	0.0000	1649
16	34185973	47.0000	1745
16	36125062	0.0000	0
16	36125095	0.0000	33
16	36125097	0.0000	35
16	36125103	0.0004	41
16	36125202	0.0004	140
16	36125212	0.0000	150
16	36125217	0.0000	155
16	36125222	0.0000	160
16	36125227	0.0000	165
16	36125243	0.0004	181
16	36125269	0.0004	207
16	36125270	0.0000	208
16	36125271	0.0004	209
16	36125342	0.0000	280
16	36125369	0.0000	307
16	36125380	0.0000	318
16	36125382	0.0000	320
16	36125391	0.0000	329
16	36125415	0.0015	353
16	36125456	0.0000	394
16	36125483	0.0000	421
16	36125492	21.0000	430
16	47907471	0.0012	0
16	47908631	0.0004	1160
16	47911112	0.0000	3641
16	47913358	0.0000	5887
16	47913801	0.0000	6330
16	47918088	0.0000	10617
16	47918904	0.0000	11433
16	47919412	0.0000	11941
16	47921684	0.0012	14213
16	47923269	0.0000	15798
16	47923731	0.0012	16260
16	47923766	0.0000	16295
16	47924438	0.0012	16967
16	47926257	0.0012	18786
16	47937170	0.0004	29699
16	47937422	0.0004	29951
16	47938358	0.0000	30887
16	47938364	0.0012	30893
16	47938590	0.0012	31119
16	47938964	0.0012	31493
16	47939619	0.0000	32148
16	47940632	0.0012	33161
16	47940669	0.0012	33198
16	47942027	0.0012	34556
16	47942035	0.0000	34564
16	47942241	0.0000	34770
16	47942370	26.0000	34899
16	48227418	0.0000	0
16	48228106	0.0000	688
16	48228412	0.0000	994
16	48228551	0.0000	1133
16	48229128	0.0000	1710
16	48229682	0.0000	2264
16	48229808	0.0004	2390
16	48230337	0.0000	2919
16	48230706	0.0000	3288
16	48230864	0.0000	3446
16	48231149	0.0000	3731
16	48231866	0.0000	4448
16	48232278	0.0000	4860
16	48232569	0.0000	5151
16	48232628	0.0000	5210
16	48232920	0.0000	5502
16	48233419	0.0000	6001
16	48233436	0.0000	6018
16	48233591	0.0000	6173
16	48233667	0.0000	6249
16	48234376	0.0000	6958
16	48234377	0.0000	6959
16	48234384	0.0000	6966
16	48234407	0.0000	6989
16	48234808	0.0000	7390
16	48235650	0.0000	8232
16	48236007	0.0000	8589
16	48236597	0.0000	9179
16	48236663	0.0000	9245
16	48237551	0.0000	10133
16	48237641	0.0000	10223
16	48237770	0.0000	10352
16	48238475	0.0000	11057
16	48238805	0.0008	11387
16	48238915	0.0008	11497
16	48239284	0.0000	11866
16	48239387	0.0000	11969
16	48239433	0.0008	12015
16	48240101	0.0008	12683
16	48240213	0.0004	12795
16	48240511	0.0004	13093
16	48240707	0.0000	13289
16	48240870	0.0000	13452
16	48241016	0.0000	13598
16	48241221	0.0000	13803
16	48241258	0.0000	13840
16	48241658	0.0000	14240
16	48241664	0.0000	14246
16	48242119	0.0000	14701
16	48242368	0.0000	14950
16	48242610	0.0000	15192
16	48242671	0.0000	15253
16	48243063	0.0000	15645
16	48243107	0.0000	15689
16	48243269	0.0000	15851
16	48244070	55.0000	16652
16	48247065	0.0000	0
16	48247069	0.0000	4
16	48247076	0.0000	11
16	48247126	0.0004	61
16	48247196	0.0000	131
16	48247200	0.0000	135
16	48247207	0.0000	142
16	48247245	0.0000	180
16	48247257	0.0000	192
16	48247262	0.0000	197
16	48247268	0.0000	203
16	48247271	0.0000	206
16	48247277	0.0000	212
16	48247287	0.0012	222
16	48247341	0.0000	276
16	48247342	0.0008	277
16	48247363	0.0000	298
16	48247379	0.0000	314
16	48247381	0.0000	316
16	48247383	0.0000	318
16	48247395	0.0000	330
16	48247401	0.0000	336
16	48247412	22.0000	347
16	48634530	0.0004	0
16	48636510	0.0000	1980
16	48636597	0.0000	2067
16	48636972	0.0004	2442
16	48637139	0.0004	2609
16	48637363	0.0000	2833
16	48637525	0.0000	2995
16	48637988	0.0000	3458
16	48639075	0.0000	4545
16	48639370	0.0000	4840
16	48640119	0.0000	5589
16	48642651	0.0008	8121
16	48643493	0.0008	8963
16	48644072	0.0000	9542
16	48648182	0.0004	13652
16	48648243	0.0008	13713
16	48648507	0.0004	13977
16	48650009	0.0000	15479
16	48651427	0.0000	16897
16	48651515	0.0004	16985
16	48652891	0.0000	18361
16	48652892	0.0008	18362
16	48653443	0.0004	18913
16	48654723	0.0000	20193
16	48656575	0.0000	22045
16	48657532	0.0000	23002
16	48658626	0.0000	24096
16	48659431	0.0012	24901
16	48661589	0.0012	27059
16	48662447	0.0012	27917
16	48662617	0.0012	28087
16	48664728	0.0008	30198
16	48664757	0.0008	30227
16	48665904	0.0000	31374
16	48666670	0.0004	32140
16	48667619	0.0004	33089
16	48667942	0.0000	33412
16	48668627	0.0000	34097
16	48671631	0.0000	37101
16	48671849	0.0000	37319
16	48673062	0.0000	38532
16	48673748	0.0000	39218
16	48674389	0.0000	39859
16	48675309	0.0000	40779
16	48678868	0.0000	44338
16	48679069	0.0000	44539
16	48679171	0.0000	44641
16	48680190	0.0000	45660
16	48680609	0.0000	46079
16	48682991	49.0000	48461
16	48734066	0.0004	0
16	48734442	0.0000	376
16	48734668	0.0000	602
16	48735018	0.0000	952
16	48735421	0.0000	1355
16	48735433	0.0000	1367
16	48735666	0.0012	1600
16	48736450	0.0012	2384
16	48736685	0.0000	2619
16	48736890	0.0012	2824
16	48737677	0.0000	3611
16	48738314	0.0000	4248
16	48738521	0.0000	4455
16	48740463	0.0000	6397
16	48742457	0.0004	8391
16	48743706	0.0004	9640
16	48744046	0.0004	9980
16	48746361	0.0008	12295
16	48746541	0.0004	12475
16	48746557	0.0008	12491
16	48749162	0.0008	15096
16	48749923	0.0000	15857
16	48751783	0.0000	17717
16	48752308	0.0000	18242
16	48752771	0.0000	18705
16	48753192	0.0000	19126
16	48753353	0.0000	19287
16	48753466	0.0000	19400
16	48754225	0.0000	20159
16	48758943	0.0000	24877
16	48759258	0.0004	25192
16	48759973	0.0000	25907
16	48760733	0.0000	26667
16	48761278	0.0000	27212
16	48761416	0.0000	27350
16	48761950	0.0004	27884
16	48762045	0.0004	27979
16	48762719	0.0000	28653
16	48763234	0.0012	29168
16	48764190	0.0008	30124
16	48767722	0.0000	33656
16	48768207	41.0000	34141
16	48774373	0.0012	0
16	48775082	0.0004	709
16	48775227	0.0000	854
16	48775861	0.0000	1488
16	48776819	0.0000	2446
16	48776997	0.0000	2624
16	48778407	0.0000	4034
16	48779455	0.0000	5082
16	48780204	0.0000	5831
16	48781009	0.0008	6636
16	48782177	0.0004	7804
16	48782181	0.0004	7808
16	48782502	0.0000	8129
16	48785213	0.0000	10840
16	48787062	0.0004	12689
16	48787371	0.0004	12998
16	48787509	0.0000	13136
16	48787755	0.0000	13382
16	48788071	0.0000	13698
16	48789104	0.0000	14731
16	48789151	0.0000	14778
16	48789780	0.0000	15407
16	48790188	0.0000	15815
16	48790405	0.0000	16032
16	48791169	0.0000	16796
16	48791214	0.0000	16841
16	48791215	0.0000	16842
16	48791261	0.0008	16888
16	48792323	0.0008	17950
16	48792513	0.0000	18140
16	48792618	0.0000	18245
16	48792860	0.0000	18487
16	48793593	0.0000	19220
16	48793933	0.0004	19560
16	48794669	0.0012	20296
16	48794907	0.0008	20534
16	48795579	0.0000	21206
16	48795920	0.0000	21547
16	48796125	0.0004	21752
16	48796700	39.0000	22327
16	50435744	0.0000	0
16	50435759	0.0000	15
16	50435989	0.0008	245
16	50436058	0.0000	314
16	50436221	0.0000	477
16	50436625	0.0000	881
16	50436639	0.0000	895
16	50436729	0.0000	985
16	50436852	0.0000	1108
16	50436878	0.0000	1134
16	50436891	0.0000	1147
16	50436919	0.0000	1175
16	50436943	0.0000	1199
16	50437066	0.0004	1322
16	50437132	0.0008	1388
16	50437307	0.0000	1563
16	50437469	0.0000	1725
16	50437638	0.0000	1894
16	50437858	0.0000	2114
16	50438343	0.0000	2599
16	50438403	0.0000	2659
16	50438640	0.0000	2896
16	50438693	0.0000	2949
16	50438768	0.0000	3024
16	50438769	0.0000	3025
16	50439077	0.0000	3333
16	50439400	0.0000	3656
16	50439532	0.0000	3788
16	50439887	0.0000	4143
16	50440079	0.0000	4335
16	50440214	0.0000	4470
16	50440838	0.0000	5094
16	50440850	0.0000	5106
16	50440910	0.0000	5166
16	50440976	0.0000	5232
16	50441008	0.0000	5264
16	50441103	0.0000	5359
16	50441146	0.0000	5402
16	50441632	0.0000	5888
16	50441688	0.0000	5944
16	50441770	0.0000	6026
16	50441771	0.0004	6027
16	50441815	0.0008	6071
16	50441902	0.0004	6158
16	50442133	0.0000	6389
16	50442182	0.0000	6438
16	50442332	0.0000	6588
16	50442394	0.0008	6650
16	50442540	48.0000	6796
16	50443471	0.0012	0
16	50443703	0.0000	232
16	50443895	0.0000	424
16	50443931	0.0000	460
16	50444057	0.0004	586
16	50445072	0.0004	1601
16	50445631	0.0000	2160
16	50445654	0.0000	2183
16	50445766	0.0000	2295
16	50446118	0.0000	2647
16	50446212	0.0000	2741
16	50446304	0.0000	2833
16	50446342	0.0000	2871
16	50446374	0.0000	2903
16	50446383	0.0000	2912
16	50446502	0.0000	3031
16	50446739	0.0000	3268
16	50447265	0.0000	3794
16	50447374	0.0004	3903
16	50447472	0.0004	4001
16	50447586	0.0000	4115
16	50447595	0.0000	4124
16	50447898	0.0000	4427
16	50447900	0.0000	4429
16	50447950	0.0000	4479
16	50447989	0.0000	4518
16	50448019	0.0004	4548
16	50448264	0.0008	4793
16	50448419	28.0000	4948
16	52194368	0.0000	0
16	52194833	0.0004	465
16	52195001	0.0004	633
16	52195585	0.0000	1217
16	52195586	0.0004	1218
16	52195845	0.0004	1477
16	52195900	0.0000	1532
16	52196682	0.0004	2314
16	52196764	0.0012	2396
16	52197286	0.0008	2918
16	52197678	0.0000	3310
16	52198194	0.0000	3826
16	52198649	0.0004	4281
16	52199488	0.0004	5120
16	52199534	0.0000	5166
16	52199801	0.0000	5433
16	52200518	0.0000	6150
16	52200619	0.0000	6251
16	52200890	0.0000	6522
16	52201517	0.0000	7149
16	52202388	0.0000	8020
16	52203118	0.0000	8750
16	52203451	0.0004	9083
16	52203707	0.0004	9339
16	52204028	0.0004	9660
16	52204798	25.0000	10430
16	52210132	0.0004	0
16	52210191	0.0000	59
16	52210342	0.0000	210
16	52210378	0.0000	246
16	52210446	0.0000	314
16	52210530	0.0000	398
16	52211056	0.0000	924
16	52211357	0.0000	1225
16	52211405	0.0004	1273
16	52211727	0.0004	1595
16	52211873	0.0000	1741
16	52212045	0.0000	1913
16	52212173	0.0012	2041
16	52212299	0.0012	2167
16	52212360	0.0000	2228
16	52212484	0.0000	2352
16	52212545	0.0000	2413
16	52212592	0.0000	2460
16	52212633	0.0000	2501
16	52212696	0.0000	2564
16	52212709	0.0000	2577
16	52214132	0.0004	4000
16	52214219	0.0004	4087
16	52214750	23.0000	4618
16	54598100	0.0004	0
16	54598235	0.0000	135
16	54598693	0.0000	593
16	54598763	0.0004	663
16	54599256	0.0000	1156
16	54599706	0.0000	1606
16	54599729	0.0000	1629
16	54599779	0.0004	1679
16	54600278	0.0000	2178
16	54600308	0.0000	2208
16	54600441	0.0012	2341
16	54600774	0.0012	2674
16	54600933	0.0004	2833
16	54600986	0.0004	2886
16	54601488	0.0000	3388
16	54601720	0.0000	3620
16	54601825	0.0000	3725
16	54602058	0.0000	3958
16	54602592	0.0000	4492
16	54602856	0.0000	4756
16	54603199	0.0004	5099
16	54603978	0.0000	5878
16	54604020	22.0000	5920
16	55995073	0.0004	0
16	55995653	0.0000	580
16	55995808	0.0004	735
16	55997313	0.0004	2240
16	56000224	0.0004	5151
16	56000338	0.0000	5265
16	56000389	0.0000	5316
16	56000843	0.0000	5770
16	56001086	0.0000	6013
16	56001181	0.0000	6108
16	56001521	0.0000	6448
16	56001544	0.0000	6471
16	56001710	0.0000	6637
16	56002268	0.0000	7195
16	56002282	0.0000	7209
16	56002883	0.0000	7810
16	56003021	0.0000	7948
16	56003301	0.0008	8228
16	56003406	0.0008	8333
16	56003616	0.0000	8543
16	56004001	0.0000	8928
16	56004192	0.0004	9119
16	56004281	0.0004	9208
16	56004306	0.0000	9233
16	56004355	0.0000	9282
16	56004612	0.0000	9539
16	56005126	0.0000	10053
16	56005295	0.0000	10222
16	56005398	28.0000	10325
16	58539997	0.0000	0
16	58540349	0.0004	352
16	58543234	0.0000	3237
16	58544187	0.0000	4190
16	58544358	0.0000	4361
16	58545254	0.0004	5257
16	58545370	0.0004	5373
16	58545982	0.0000	5985
16	58549045	0.0004	9048
16	58550071	0.0008	10074
16	58550868	0.0004	10871
16	58553260	0.0000	13263
16	58557640	0.0000	17643
16	58557804	0.0000	17807
16	58558083	0.0012	18086
16	58562387	0.0000	22390
16	58562849	0.0004	22852
16	58563385	0.0000	23388
16	58563387	0.0000	23390
16	58567461	0.0000	27464
16	58568685	0.0004	28688
16	58569272	0.0004	29275
16	58569444	0.0000	29447
16	58570257	0.0000	30260
16	58570483	0.0012	30486
16	58571933	0.0004	31936
16	58576846	0.0012	36849
16	58579527	0.0008	39530
16	58581674	0.0000	41677
16	58581679	0.0000	41682
16	58581755	0.0004	41758
16	58582261	0.0012	42264
16	58584016	0.0008	44019
16	58584396	33.0000	44399
16	58591852	0.0000	0
16	58593207	0.0000	1355
16	58593483	0.0000	1631
16	58593732	0.0004	1880
16	58594541	0.0004	2689
16	58595063	0.0000	3211
16	58595231	0.0012	3379
16	58596263	0.0000	4411
16	58596510	0.0000	4658
16	58599977	0.0012	8125
16	58600847	0.0012	8995
16	58601329	0.0000	9477
16	58602967	0.0012	11115
16	58603624	0.0004	11772
16	58604864	0.0004	13012
16	58605229	0.0000	13377
16	58606534	0.0000	14682
16	58606719	0.0008	14867
16	58607004	0.0008	15152
16	58607471	0.0000	15619
16	58607641	0.0000	15789
16	58607993	0.0012	16141
16	58610155	0.0012	18303
16	58612100	23.0000	20248
16	58983277	0.0004	0
16	58983508	0.0004	231
16	58983580	0.0000	303
16	58983581	0.0000	304
16	58983730	0.0000	453
16	58983832	0.0000	555
16	58983851	0.0012	574
16	58983923	0.0012	646
16	58984511	0.0004	1234
16	58984908	0.0004	1631
16	58985313	0.0000	2036
16	58986207	0.0000	2930
16	58986538	0.0008	3261
16	58986540	0.0008	3263
16	58987090	0.0000	3813
16	58987115	0.0000	3838
16	58987305	0.0000	4028
16	58987308	0.0000	4031
16	58987327	0.0000	4050
16	58987465	0.0000	4188
16	58987492	0.0000	4215
16	58987524	0.0000	4247
16	58989346	0.0000	6069
16	58989460	0.0000	6183
16	58989921	24.0000	6644
16	59673396	0.0008	0
16	59673706	0.0008	310
16	59673963	0.0000	567
16	59674003	0.0000	607
16	59674385	0.0012	989
16	59674735	0.0004	1339
16	59674749	0.0012	1353
16	59675846	0.0008	2450
16	59676453	0.0004	3057
16	59677182	0.0004	3786
16	59677643	0.0000	4247
16	59677787	0.0008	4391
16	59678089	0.0008	4693
16	59678252	0.0000	4856
16	59678367	0.0004	4971
16	59678480	0.0004	5084
16	59678697	0.0000	5301
16	59679572	0.0004	6176
16	59679597	0.0004	6201
16	59679626	0.0000	6230
16	59679955	0.0000	6559
16	59680055	21.0000	6659
16	59772023	0.0008	0
16	59774012	0.0004	1989
16	59774078	0.0004	2055
16	59774270	0.0000	2247
16	59775419	0.0000	3396
16	59775488	0.0000	3465
16	59775689	0.0000	3666
16	59775946	0.0000	3923
16	59779104	0.0000	7081
16	59780316	0.0000	8293
16	59780930	0.0000	8907
16	59781436	0.0000	9413
16	59781577	0.0000	9554
16	59782239	0.0000	10216
16	59782287	0.0000	10264
16	59782516	0.0000	10493
16	59782696	0.0000	10673
16	59782763	0.0000	10740
16	59782905	0.0000	10882
16	59782944	0.0000	10921
16	59783435	0.0000	11412
16	59784718	0.0000	12695
16	59785196	0.0000	13173
16	59787601	0.0000	15578
16	59788093	0.0000	16070
16	59788329	0.0000	16306
16	59789518	0.0004	17495
16	59790258	0.0004	18235
16	59790846	0.0004	18823
16	59795966	29.0000	23943
16	60493851	0.0000	0
16	60493915	0.0000	64
16	60495951	0.0004	2100
16	60496644	0.0004	2793
16	60497294	0.0004	3443
16	60497393	0.0004	3542
16	60500122	0.0000	6271
16	60500254	0.0004	6403
16	60500417	0.0004	6566
16	60501633	0.0004	7782
16	60501800	0.0004	7949
16	60501995	0.0004	8144
16	60502201	0.0008	8350
16	60503055	0.0008	9204
16	60503150	0.0000	9299
16	60503580	0.0000	9729
16	60503913	0.0004	10062
16	60504519	0.0008	10668
16	60504634	0.0004	10783
16	60504855	0.0004	11004
16	60505120	0.0004	11269
16	60505287	0.0000	11436
16	60505404	0.0004	11553
16	60505513	0.0004	11662
16	60505543	0.0012	11692
16	60506481	0.0000	12630
16	60506497	0.0008	12646
16	60506826	0.0008	12975
16	60507093	28.0000	13242
16	61067698	0.0000	0
16	61068761	0.0004	1063
16	61068906	0.0008	1208
16	61069302	0.0012	1604
16	61069406	0.0004	1708
16	61069410	0.0000	1712
16	61069719	0.0000	2021
16	61070082	0.0004	2384
16	61070452	0.0000	2754
16	61070577	0.0000	2879
16	61070714	0.0004	3016
16	61071333	0.0004	3635
16	61072042	0.0000	4344
16	61072099	0.0000	4401
16	61072175	0.0008	4477
16	61072429	0.0008	4731
16	61072754	0.0000	5056
16	61072931	0.0004	5233
16	61073529	0.0004	5831
16	61073636	0.0000	5938
16	61073734	0.0004	6036
16	61073760	0.0004	6062
16	61073974	0.0000	6276
16	61074159	0.0000	6461
16	61074464	0.0000	6766
16	61074891	0.0000	7193
16	61075289	0.0000	7591
16	61075699	0.0000	8001
16	61075716	0.0000	8018
16	61075717	0.0000	8019
16	61075870	0.0000	8172
16	61076523	0.0000	8825
16	61076653	0.0000	8955
16	61076654	33.0000	8956
16	61624778	0.0008	0
16	61627792	0.0000	3014
16	61628932	0.0000	4154
16	61629891	0.0008	5113
16	61630905	0.0004	6127
16	61631905	0.0004	7127
16	61633729	0.0000	8951
16	61634458	0.0000	9680
16	61634795	0.0000	10017
16	61636607	0.0004	11829
16	61640040	0.0004	15262
16	61643102	0.0000	18324
16	61644196	0.0004	19418
16	61644590	0.0000	19812
16	61645096	0.0000	20318
16	61645192	0.0000	20414
16	61646433	0.0000	21655
16	61646672	0.0000	21894
16	61646696	0.0000	21918
16	61648508	0.0000	23730
16	61650544	0.0000	25766
16	61651226	0.0000	26448
16	61651245	0.0000	26467
16	61651878	0.0000	27100
16	61651882	0.0000	27104
16	61652504	0.0000	27726
16	61653797	0.0004	29019
16	61655365	0.0004	30587
16	61656174	0.0008	31396
16	61658078	0.0000	33300
16	61658630	0.0000	33852
16	61660150	0.0000	35372
16	61660151	0.0000	35373
16	61660274	0.0000	35496
16	61664129	0.0004	39351
16	61666229	35.0000	41451
16	64916996	0.0000	0
16	64917083	0.0000	87
16	64917167	0.0000	171
16	64917190	0.0000	194
16	64917229	0.0000	233
16	64917280	0.0004	284
16	64917360	0.0004	364
16	64917395	0.0000	399
16	64917555	0.0000	559
16	64917919	0.0000	923
16	64918288	0.0000	1292
16	64918480	0.0000	1484
16	64918491	0.0000	1495
16	64918517	0.0000	1521
16	64918788	0.0000	1792
16	64918846	0.0000	1850
16	64918881	0.0000	1885
16	64918936	0.0000	1940
16	64919070	0.0000	2074
16	64919766	0.0008	2770
16	64920824	0.0004	3828
16	64920876	0.0000	3880
16	64921494	0.0000	4498
16	64922454	0.0000	5458
16	64922510	0.0000	5514
16	64922645	0.0004	5649
16	64922752	0.0004	5756
16	64923037	0.0004	6041
16	64923039	0.0004	6043
16	64923376	0.0004	6380
16	64923393	0.0004	6397
16	64923522	0.0004	6526
16	64923676	0.0008	6680
16	64923803	0.0000	6807
16	64923841	34.0000	6845
16	64925173	0.0000	0
16	64925388	0.0000	215
16	64925409	0.0000	236
16	64925625	0.0000	452
16	64925792	0.0000	619
16	64925846	0.0004	673
16	64925960	0.0012	787
16	64926091	0.0008	918
16	64926911	0.0000	1738
16	64926977	0.0000	1804
16	64927503	0.0004	2330
16	64927643	0.0004	2470
16	64927652	0.0000	2479
16	64927662	0.0000	2489
16	64927750	0.0004	2577
16	64928482	0.0004	3309
16	64928483	0.0000	3310
16	64928631	0.0000	3458
16	64928787	0.0004	3614
16	64928795	0.0004	3622
16	64928863	0.0000	3690
16	64928870	0.0000	3697
16	64928927	0.0000	3754
16	64929438	0.0000	4265
16	64929650	0.0000	4477
16	64929780	0.0004	4607
16	64929917	0.0004	4744
16	64930493	0.0004	5320
16	64930589	0.0008	5416
16	64930627	0.0004	5454
16	64931201	0.0000	6028
16	64931328	0.0000	6155
16	64931341	0.0004	6168
16	64931751	0.0004	6578
16	64931869	0.0008	6696
16	64932303	0.0000	7130
16	64932399	0.0000	7226
16	64932511	0.0000	7338
16	64932666	0.0000	7493
16	64932773	0.0000	7600
16	64933562	0.0000	8389
16	64933766	0.0000	8593
16	64934164	0.0000	8991
16	64934331	0.0004	9158
16	64934496	0.0004	9323
16	64935178	0.0004	10005
16	64936440	0.0000	11267
16	64937727	0.0004	12554
16	64938775	0.0004	13602
16	64939219	0.0004	14046
16	64940439	0.0000	15266
16	64941653	0.0000	16480
16	64941962	0.0000	16789
16	64942559	0.0008	17386
16	64944791	54.0000	19618
16	65135628	0.0000	0
16	65135792	0.0000	164
16	65136447	0.0000	819
16	65136568	0.0000	940
16	65138007	0.0000	2379
16	65138048	0.0008	2420
16	65138474	0.0008	2846
16	65138649	0.0000	3021
16	65138890	0.0012	3262
16	65139101	0.0012	3473
16	65139397	0.0000	3769
16	65139770	0.0000	4142
16	65140974	0.0000	5346
16	65141120	0.0000	5492
16	65142652	0.0000	7024
16	65142922	0.0000	7294
16	65143009	0.0004	7381
16	65143261	0.0008	7633
16	65143298	0.0004	7670
16	65143324	0.0000	7696
16	65143455	20.0000	7827
16	66759706	0.0008	0
16	66762914	0.0000	3208
16	66764261	0.0008	4555
16	66767075	0.0000	7369
16	66767076	0.0000	7370
16	66767086	0.0004	7380
16	66770568	0.0004	10862
16	66770890	0.0004	11184
16	66773227	0.0000	13521
16	66773309	0.0004	13603
16	66777734	0.0004	18028
16	66778750	0.0000	19044
16	66778894	0.0004	19188
16	66779981	0.0004	20275
16	66780024	0.0000	20318
16	66780430	0.0000	20724
16	66782751	0.0000	23045
16	66784562	0.0000	24856
16	66785323	0.0000	25617
16	66786437	0.0004	26731
16	66788563	0.0004	28857
16	66789166	0.0004	29460
16	66792577	0.0000	32871
16	66792877	0.0004	33171
16	66795040	0.0000	35334
16	66795096	0.0000	35390
16	66795120	0.0004	35414
16	66795552	27.0000	35846
16	68533073	0.0000	0
16	68533266	0.0004	193
16	68533739	0.0004	666
16	68534449	0.0000	1376
16	68534463	0.0000	1390
16	68534524	0.0000	1451
16	68534634	0.0000	1561
16	68534863	0.0000	1790
16	68535556	0.0000	2483
16	68535742	0.0000	2669
16	68537086	0.0000	4013
16	68537554	0.0000	4481
16	68537745	0.0004	4672
16	68538389	0.0000	5316
16	68538444	0.0000	5371
16	68538631	0.0000	5558
16	68539161	0.0000	6088
16	68539384	0.0012	6311
16	68539392	0.0012	6319
16	68540161	0.0000	7088
16	68541257	0.0000	8184
16	68541273	0.0004	8200
16	68541329	0.0012	8256
16	68541406	23.0000	8333
16	68542599	0.0004	0
16	68542674	0.0000	75
16	68543357	0.0004	758
16	68543664	0.0012	1065
16	68544722	0.0008	2123
16	68546482	0.0000	3883
16	68546819	0.0000	4220
16	68547148	0.0000	4549
16	68547429	0.0000	4830
16	68547475	0.0004	4876
16	68548521	0.0004	5922
16	68549406	0.0000	6807
16	68549608	0.0000	7009
16	68550087	0.0000	7488
16	68550187	0.0000	7588
16	68550248	0.0004	7649
16	68550496	0.0004	7897
16	68550623	0.0004	8024
16	68551382	0.0004	8783
16	68552419	0.0012	9820
16	68554585	0.0000	11986
16	68554750	0.0012	12151
16	68555397	0.0008	12798
16	68555530	0.0012	12931
16	68559139	0.0004	16540
16	68561115	0.0000	18516
16	68561294	0.0004	18695
16	68561602	0.0000	19003
16	68562498	0.0004	19899
16	68562631	0.0004	20032
16	68566537	0.0004	23938
16	68566952	0.0008	24353
16	68568878	0.0000	26279
16	68569338	0.0004	26739
16	68569895	0.0008	27296
16	68569949	0.0004	27350
16	68570223	0.0000	27624
16	68571051	0.0004	28452
16	68571736	0.0000	29137
16	68571881	0.0000	29282
16	68572178	0.0000	29579
16	68572823	0.0000	30224
16	68573583	0.0004	30984
16	68574040	0.0008	31441
16	68574353	44.0000	31754
16	69427464	0.0000	0
16	69428082	0.0000	618
16	69430571	0.0012	3107
16	69431240	0.0012	3776
16	69431593	0.0000	4129
16	69431770	0.0000	4306
16	69432372	0.0000	4908
16	69432827	0.0000	5363
16	69434459	0.0000	6995
16	69434532	0.0000	7068
16	69434966	0.0000	7502
16	69435701	0.0000	8237
16	69435836	0.0012	8372
16	69436808	0.0000	9344
16	69437514	0.0000	10050
16	69437954	0.0000	10490
16	69438238	0.0000	10774
16	69438705	0.0000	11241
16	69439711	0.0000	12247
16	69441640	0.0000	14176
16	69441717	0.0000	14253
16	69441925	0.0004	14461
16	69443849	0.0004	16385
16	69444265	0.0000	16801
16	69445229	0.0000	17765
16	69446649	0.0000	19185
16	69450722	26.0000	23258
16	70498987	0.0012	0
16	70502525	0.0012	3538
16	70503438	0.0000	4451
16	70504678	0.0000	5691
16	70504682	0.0000	5695
16	70504941	0.0000	5954
16	70505922	0.0000	6935
16	70506320	0.0004	7333
16	70508257	0.0004	9270
16	70509208	0.0008	10221
16	70510030	0.0004	11043
16	70511371	0.0004	12384
16	70512493	0.0008	13506
16	70512847	0.0008	13860
16	70513264	0.0000	14277
16	70513507	0.0004	14520
16	70514632	0.0004	15645
16	70514998	0.0000	16011
16	70515274	0.0000	16287
16	70515444	0.0012	16457
16	70515712	0.0008	16725
16	70516319	0.0004	17332
16	70516406	0.0000	17419
16	70516531	0.0004	17544
16	70517063	0.0004	18076
16	70517381	0.0000	18394
16	70517566	0.0008	18579
16	70517969	0.0008	18982
16	70518132	0.0000	19145
16	70518695	0.0000	19708
16	70518902	0.0004	19915
16	70518926	0.0004	19939
16	70518960	0.0000	19973
16	70519033	0.0000	20046
16	70519999	0.0004	21012
16	70521468	0.0004	22481
16	70522155	0.0004	23168
16	70523212	0.0000	24225
16	70523355	0.0000	24368
16	70526408	0.0000	27421
16	70526916	0.0008	27929
16	70529278	0.0008	30291
16	70530518	42.0000	31531
16	75403989	0.0000	0
16	75404099	0.0008	110
16	75404336	0.0012	347
16	75404571	0.0004	582
16	75405591	0.0000	1602
16	75405609	0.0000	1620
16	75406143	0.0000	2154
16	75406235	0.0004	2246
16	75407715	0.0000	3726
16	75408888	0.0004	4899
16	75409285	0.0004	5296
16	75409298	0.0000	5309
16	75409325	0.0004	5336
16	75409918	0.0008	5929
16	75410777	0.0004	6788
16	75410858	0.0000	6869
16	75410862	0.0004	6873
16	75410865	0.0000	6876
16	75410882	0.0000	6893
16	75410888	0.0012	6899
16	75411707	0.0004	7718
16	75411777	0.0004	7788
16	75413335	0.0000	9346
16	75413465	0.0000	9476
16	75413495	0.0000	9506
16	75413528	0.0000	9539
16	75414375	0.0000	10386
16	75414761	0.0012	10772
16	75415278	0.0008	11289
16	75416141	0.0000	12152
16	75416729	0.0004	12740
16	75417014	0.0004	13025
16	75417272	0.0008	13283
16	75417860	0.0012	13871
16	75418533	0.0004	14544
16	75418884	0.0012	14895
16	75420506	0.0008	16517
16	75423756	0.0012	19767
16	75424538	38.0000	20549
16	76412695	0.0000	0
16	76412784	0.0000	89
16	76413034	0.0000	339
16	76413147	0.0000	452
16	76413188	0.0000	493
16	76413469	0.0000	774
16	76413518	0.0000	823
16	76413923	0.0000	1228
16	76413943	0.0000	1248
16	76414465	0.0000	1770
16	76414990	0.0004	2295
16	76415088	0.0000	2393
16	76415101	0.0000	2406
16	76415240	0.0000	2545
16	76415945	0.0008	3250
16	76416539	0.0000	3844
16	76416819	0.0000	4124
16	76416929	0.0000	4234
16	76417481	0.0000	4786
16	76417959	0.0000	5264
16	76418822	0.0004	6127
16	76419146	0.0004	6451
16	76419557	0.0008	6862
16	76420338	0.0008	7643
16	76420465	0.0004	7770
16	76421079	0.0008	8384
16	76423039	0.0000	10344
16	76423147	0.0000	10452
16	76423407	0.0004	10712
16	76424573	29.0000	11878
16	77049039	0.0004	0
16	77049068	0.0000	29
16	77049116	0.0000	77
16	77049128	0.0000	89
16	77049271	0.0000	232
16	77049377	0.0000	338
16	77049386	0.0004	347
16	77049413	0.0008	374
16	77049621	0.0004	582
16	77049689	0.0008	650
16	77050045	0.0012	1006
16	77050520	0.0008	1481
16	77050848	0.0000	1809
16	77050934	0.0004	1895
16	77051379	0.0000	2340
16	77051395	0.0000	2356
16	77051457	0.0012	2418
16	77052121	0.0004	3082
16	77052427	0.0000	3388
16	77052493	0.0000	3454
16	77052565	0.0000	3526
16	77053098	0.0000	4059
16	77053396	0.0000	4357
16	77054428	0.0000	5389
16	77054626	24.0000	5587
16	77576037	0.0008	0
16	77576872	0.0000	835
16	77577194	0.0004	1157
16	77577579	0.0008	1542
16	77577704	0.0004	1667
16	77577807	0.0004	1770
16	77578618	0.0004	2581
16	77579034	0.0000	2997
16	77579043	0.0004	3006
16	77579074	0.0004	3037
16	77579281	0.0000	3244
16	77579710	0.0000	3673
16	77580334	0.0000	4297
16	77580342	0.0000	4305
16	77580406	0.0008	4369
16	77580748	0.0012	4711
16	77580868	0.0004	4831
16	77580925	0.0000	4888
16	77580973	0.0004	4936
16	77581020	0.0012	4983
16	77581068	20.0000	5031
16	77747845	0.0000	0
16	77747891	0.0000	46
16	77748101	0.0000	256
16	77748165	0.0000	320
16	77748535	0.0000	690
16	77748538	0.0000	693
16	77748661	0.0000	816
16	77748842	0.0000	997
16	77748966	0.0004	1121
16	77749240	0.0000	1395
16	77749416	0.0000	1571
16	77749472	0.0000	1627
16	77749683	0.0004	1838
16	77749769	0.0000	1924
16	77749806	0.0004	1961
16	77749852	0.0004	2007
16	77749860	0.0000	2015
16	77749999	0.0000	2154
16	77750212	0.0004	2367
16	77750268	0.0004	2423
16	77750385	0.0000	2540
16	77750514	0.0004	2669
16	77750587	0.0000	2742
16	77750841	0.0008	2996
16	77751078	0.0008	3233
16	77751417	0.0000	3572
16	77751418	0.0000	3573
16	77751558	0.0000	3713
16	77751824	0.0000	3979
16	77752058	0.0000	4213
16	77752121	0.0012	4276
16	77752480	0.0004	4635
16	77752687	32.0000	4842
16	78046059	0.0008	0
16	78046236	0.0004	177
16	78046242	0.0000	183
16	78046244	0.0008	185
16	78046377	0.0004	318
16	78046405	0.0000	346
16	78046521	0.0008	462
16	78046626	0.0012	567
16	78046903	0.0000	844
16	78047302	0.0000	1243
16	78047469	0.0000	1410
16	78047495	0.0000	1436
16	78047732	0.0000	1673
16	78047822	0.0000	1763
16	78047985	0.0004	1926
16	78048359	0.0000	2300
16	78048556	0.0000	2497
16	78048784	0.0000	2725
16	78048849	0.0004	2790
16	78048863	0.0000	2804
16	78049108	0.0000	3049
16	78049218	21.0000	3159
16	78062914	0.0004	0
16	78062944	0.0004	30
16	78063077	0.0000	163
16	78063119	0.0000	205
16	78063122	0.0000	208
16	78063155	0.0004	241
16	78063231	0.0004	317
16	78063293	0.0004	379
16	78063396	0.0004	482
16	78063497	0.0000	583
16	78063521	0.0004	607
16	78064313	0.0004	1399
16	78064560	0.0000	1646
16	78064574	0.0004	1660
16	78064758	0.0004	1844
16	78064822	0.0000	1908
16	78064875	0.0000	1961
16	78064942	0.0000	2028
16	78064962	0.0000	2048
16	78065321	0.0000	2407
16	78065429	0.0000	2515
16	78065509	0.0004	2595
16	78065682	0.0004	2768
16	78065844	0.0004	2930
16	78066043	0.0004	3129
16	78066071	0.0004	3157
16	78066235	0.0000	3321
16	78066293	0.0004	3379
16	78066422	0.0004	3508
16	78066744	0.0000	3830
16	78066954	0.0000	4040
16	78067069	0.0000	4155
16	78067218	0.0000	4304
16	78067318	0.0004	4404
16	78067439	34.0000	4525
16	78340270	0.0000	0
16	78340290	0.0000	20
16	78340339	0.0009	69
16	78340357	0.0009	87
16	78340364	0.0004	94
16	78340372	0.0004	102
16	78340398	0.0000	128
16	78340427	0.0004	157
16	78340493	0.0000	223
16	78340498	0.0004	228
16	78340510	0.0000	240
16	78340577	0.0000	307
16	78340658	0.0000	388
16	78340717	0.0000	447
16	78340719	0.0000	449
16	78340920	0.0000	650
16	78341384	0.0000	1114
16	78341478	0.0004	1208
16	78341703	0.0000	1433
16	78341704	0.0000	1434
16	78341706	0.0000	1436
16	78341710	0.0004	1440
16	78342026	0.0000	1756
16	78342101	0.0000	1831
16	78342131	0.0000	1861
16	78342134	0.0004	1864
16	78342283	0.0000	2013
16	78342304	0.0004	2034
16	78342470	0.0004	2200
16	78342488	0.0000	2218
16	78342489	0.0004	2219
16	78342579	0.0000	2309
16	78342799	0.0000	2529
16	78342837	0.0000	2567
16	78342933	0.0009	2663
16	78342953	0.0009	2683
16	78343156	0.0000	2886
16	78343228	37.0000	2958
16	78419720	0.0000	0
16	78419931	0.0004	211
16	78419943	0.0008	223
16	78420081	0.0000	361
16	78420084	0.0012	364
16	78420517	0.0004	797
16	78420738	0.0004	1018
16	78421007	0.0004	1287
16	78421068	0.0004	1348
16	78421329	0.0004	1609
16	78421444	0.0004	1724
16	78421500	0.0000	1780
16	78421506	0.0000	1786
16	78421853	0.0008	2133
16	78421967	0.0000	2247
16	78422069	0.0000	2349
16	78422182	0.0000	2462
16	78422331	0.0004	2611
16	78422419	0.0004	2699
16	78422469	0.0000	2749
16	78422524	0.0000	2804
16	78422545	21.0000	2825
16	78453045	0.0004	0
16	78453149	0.0004	104
16	78453161	0.0000	116
16	78453203	0.0000	158
16	78453223	0.0000	178
16	78453453	0.0000	408
16	78453490	0.0004	445
16	78453555	0.0004	510
16	78453615	0.0000	570
16	78453815	0.0000	770
16	78453862	0.0000	817
16	78453935	0.0000	890
16	78453944	0.0000	899
16	78453980	0.0000	935
16	78454027	0.0000	982
16	78454060	0.0000	1015
16	78454270	0.0000	1225
16	78454408	0.0004	1363
16	78454431	0.0004	1386
16	78454555	0.0004	1510
16	78454941	0.0000	1896
16	78455019	0.0008	1974
16	78455228	22.0000	2183
16	78493391	0.0008	0
16	78493396	0.0008	5
16	78493728	0.0004	337
16	78493879	0.0000	488
16	78493893	0.0000	502
16	78493994	0.0000	603
16	78494010	0.0000	619
16	78494133	0.0004	742
16	78494161	0.0012	770
16	78494255	0.0000	864
16	78494273	0.0008	882
16	78494549	0.0012	1158
16	78494722	0.0000	1331
16	78494948	0.0000	1557
16	78494951	0.0000	1560
16	78494969	0.0004	1578
16	78495187	0.0000	1796
16	78495248	0.0004	1857
16	78495327	0.0008	1936
16	78495346	0.0008	1955
16	78495388	0.0008	1997
16	78495416	0.0008	2025
16	78495913	0.0008	2522
16	78496164	0.0012	2773
16	78496517	24.0000	3126
16	82155527	0.0000	0
16	82155731	0.0000	204
16	82155760	0.0004	233
16	82155775	0.0004	248
16	82155935	0.0000	408
16	82156025	0.0000	498
16	82156095	0.0004	568
16	82156288	0.0004	761
16	82156492	0.0000	965
16	82157231	0.0004	1704
16	82157257	0.0004	1730
16	82157411	0.0004	1884
16	82157443	0.0004	1916
16	82157644	0.0000	2117
16	82157727	0.0004	2200
16	82158243	0.0012	2716
16	82158305	0.0012	2778
16	82158693	0.0000	3166
16	82158968	0.0000	3441
16	82158997	0.0004	3470
16	82159044	0.0004	3517
16	82159320	0.0004	3793
16	82159657	0.0008	4130
16	82159756	0.0008	4229
16	82159891	0.0004	4364
16	82159920	0.0004	4393
16	82160178	0.0004	4651
16	82160245	27.0000	4718
16	82165856	0.0004	0
16	82165918	0.0004	62
16	82166064	0.0008	208
16	82166072	0.0008	216
16	82166118	0.0000	262
16	82166226	0.0000	370
16	82166366	0.0000	510
16	82166458	0.0000	602
16	82166514	0.0000	658
16	82166671	0.0000	815
16	82166704	0.0000	848
16	82166732	0.0000	876
16	82166999	0.0000	1143
16	82167056	0.0000	1200
16	82167315	0.0000	1459
16	82167412	0.0000	1556
16	82167433	0.0004	1577
16	82167467	0.0004	1611
16	82167697	0.0000	1841
16	82168279	0.0008	2423
16	82168531	20.0000	2675
16	82220232	0.0012	0
16	82220994	0.0004	762
16	82221021	0.0004	789
16	82221033	0.0000	801
16	82221037	0.0000	805
16	82221576	0.0000	1344
16	82221581	0.0000	1349
16	82221670	0.0000	1438
16	82221823	0.0004	1591
16	82222017	0.0000	1785
16	82222025	0.0000	1793
16	82222026	0.0012	1794
16	82222218	0.0008	1986
16	82222459	0.0000	2227
16	82222670	0.0012	2438
16	82222820	0.0000	2588
16	82222824	0.0012	2592
16	82222972	0.0004	2740
16	82223008	0.0012	2776
16	82223137	0.0004	2905
16	82223214	0.0004	2982
16	82223268	0.0004	3036
16	82223377	0.0004	3145
16	82223455	0.0000	3223
16	82223762	0.0000	3530
16	82224093	25.0000	3861
16	87971465	0.0000	0
16	87971526	0.0000	61
16	87971561	0.0000	96
16	87972011	0.0000	546
16	87972131	0.0000	666
16	87972221	0.0008	756
16	87972279	0.0008	814
16	87972331	0.0000	866
16	87972459	0.0005	994
16	87972595	0.0004	1130
16	87972744	0.0000	1279
16	87972807	0.0000	1342
16	87972821	0.0000	1356
16	87972936	0.0000	1471
16	87973288	0.0000	1823
16	87973325	0.0000	1860
16	87973736	0.0012	2271
16	87974707	0.0004	3242
16	87974817	0.0000	3352
16	87976164	0.0000	4699
16	87976627	0.0000	5162
16	87977367	0.0004	5902
16	87977391	0.0004	5926
16	87977581	0.0004	6116
16	87977905	0.0000	6440
16	87978129	0.0008	6664
16	87978362	0.0008	6897
16	87978426	0.0004	6961
16	87978456	0.0012	6991
16	87979719	0.0004	8254
16	87979726	0.0004	8261
16	87979779	0.0004	8314
16	87980584	0.0000	9119
16	87981392	33.0000	9927
