15	24562616	0.0012	0
15	24562681	0.0012	65
15	24562944	0.0004	328
15	24563004	0.0004	388
15	24563156	0.0004	540
15	24563257	0.0000	641
15	24563358	0.0000	742
15	24563781	0.0000	1165
15	24563897	0.0000	1281
15	24564089	0.0000	1473
15	24564186	0.0000	1570
15	24564716	0.0000	2100
15	24564823	0.0000	2207
15	24565188	0.0000	2572
15	24565230	0.0004	2614
15	24565255	0.0004	2639
15	24565407	0.0000	2791
15	24565695	0.0000	3079
15	24565731	0.0004	3115
15	24565882	0.0004	3266
15	24566092	0.0000	3476
15	24566377	0.0000	3761
15	24566455	0.0000	3839
15	24566509	0.0004	3893
15	24566565	0.0012	3949
15	24567060	0.0012	4444
15	24567117	26.0000	4501
15	24572414	0.0000	0
15	24572506	0.0008	92
15	24572787	0.0008	373
15	24573014	0.0000	600
15	24573298	0.0004	884
15	24573420	0.0004	1006
15	24573752	0.0004	1338
15	24573957	0.0004	1543
15	24574532	0.0004	2118
15	24574711	0.0004	2297
15	24575084	0.0004	2670
15	24575723	0.0004	3309
15	24575780	0.0004	3366
15	24575783	0.0004	3369
15	24575829	0.0008	3415
15	24576065	0.0004	3651
15	24576460	0.0000	4046
15	24576461	0.0000	4047
15	24576608	0.0000	4194
15	24576792	0.0000	4378
15	24577027	0.0000	4613
15	24577092	0.0000	4678
15	24577902	22.0000	5488
15	25970813	0.0000	0
15	25970844	0.0000	31
15	25971102	0.0000	289
15	25971223	0.0004	410
15	25971262	0.0008	449
15	25971410	0.0008	597
15	25971419	0.0004	606
15	25971666	0.0000	853
15	25971943	0.0000	1130
15	25972055	0.0008	1242
15	25972685	0.0000	1872
15	25972687	0.0004	1874
15	25972827	0.0012	2014
15	25973281	0.0004	2468
15	25973299	0.0008	2486
15	25973303	0.0004	2490
15	25973319	0.0000	2506
15	25973332	0.0004	2519
15	25973397	0.0004	2584
15	25973423	0.0000	2610
15	25973456	0.0000	2643
15	25973509	0.0004	2696
15	25973581	0.0000	2768
15	25973615	23.0000	2802
15	26781114	0.0000	0
15	26781179	0.0004	65
15	26781488	0.0004	374
15	26781527	0.0000	413
15	26781664	0.0008	550
15	26781729	0.0012	615
15	26781738	0.0004	624
15	26781743	0.0000	629
15	26781769	0.0000	655
15	26781770	0.0000	656
15	26781835	0.0000	721
15	26781994	0.0000	880
15	26782000	0.0000	886
15	26783173	0.0004	2059
15	26783527	0.0000	2413
15	26783694	0.0000	2580
15	26783937	0.0004	2823
15	26783958	0.0004	2844
15	26783988	0.0012	2874
15	26784632	0.0012	3518
15	26784647	0.0000	3533
15	26784853	21.0000	3739
15	27069452	0.0004	0
15	27069554	0.0004	102
15	27070262	0.0012	810
15	27071821	0.0008	2369
15	27071844	0.0004	2392
15	27072093	0.0000	2641
15	27072292	0.0012	2840
15	27072565	0.0004	3113
15	27072724	0.0004	3272
15	27073165	0.0000	3713
15	27073287	0.0000	3835
15	27073369	0.0000	3917
15	27073789	0.0000	4337
15	27073799	0.0000	4347
15	27074081	0.0004	4629
15	27074231	0.0004	4779
15	27074339	0.0008	4887
15	27074415	0.0004	4963
15	27074619	0.0000	5167
15	27074997	0.0000	5545
15	27075816	0.0012	6364
15	27077069	21.0000	7617
15	27651017	0.0012	0
15	27653686	0.0000	2669
15	27653784	0.0000	2767
15	27653788	0.0004	2771
15	27653932	0.0000	2915
15	27653962	0.0004	2945
15	27654072	0.0000	3055
15	27654459	0.0004	3442
15	27654509	0.0004	3492
15	27654721	0.0000	3704
15	27654788	0.0000	3771
15	27654878	0.0000	3861
15	27654884	0.0000	3867
15	27654950	0.0000	3933
15	27655147	0.0008	4130
15	27655432	0.0012	4415
15	27655470	0.0004	4453
15	27655471	0.0008	4454
15	27655538	0.0000	4521
15	27655569	0.0004	4552
15	27655598	0.0012	4581
15	27655711	0.0000	4694
15	27655734	0.0000	4717
15	27655735	0.0000	4718
15	27655759	24.0000	4742
15	27822458	0.0004	0
15	27822473	0.0000	15
15	27822551	0.0000	93
15	27822853	0.0000	395
15	27822860	0.0000	402
15	27822937	0.0000	479
15	27823080	0.0000	622
15	27823173	0.0000	715
15	27823880	0.0000	1422
15	27823895	0.0000	1437
15	27823922	0.0000	1464
15	27824751	0.0004	2293
15	27825135	0.0004	2677
15	27825295	0.0008	2837
15	27825626	0.0004	3168
15	27826027	0.0000	3569
15	27826062	0.0000	3604
15	27826156	0.0000	3698
15	27826421	0.0000	3963
15	27826586	0.0000	4128
15	27826761	0.0000	4303
15	27826762	0.0004	4304
15	27826765	0.0004	4307
15	27827011	0.0000	4553
15	27827082	0.0008	4624
15	27827184	0.0008	4726
15	27827422	0.0008	4964
15	27827454	27.0000	4996
15	33739930	0.0000	0
15	33740024	0.0000	94
15	33740188	0.0000	258
15	33740253	0.0000	323
15	33740334	0.0000	404
15	33740520	0.0000	590
15	33740596	0.0000	666
15	33740639	0.0000	709
15	33740830	0.0000	900
15	33741013	0.0000	1083
15	33741071	0.0000	1141
15	33741286	0.0000	1356
15	33741574	0.0000	1644
15	33741587	0.0000	1657
15	33741645	0.0000	1715
15	33741715	0.0000	1785
15	33741775	0.0000	1845
15	33741818	0.0000	1888
15	33741839	0.0000	1909
15	33741910	0.0000	1980
15	33742101	0.0000	2171
15	33742102	0.0000	2172
15	33742220	22.0000	2290
15	33889619	0.0004	0
15	33889888	0.0000	269
15	33891188	0.0000	1569
15	33891216	0.0000	1597
15	33891614	0.0008	1995
15	33891689	0.0012	2070
15	33891823	0.0004	2204
15	33891929	0.0004	2310
15	33892070	0.0004	2451
15	33892164	0.0000	2545
15	33892387	0.0000	2768
15	33892430	0.0000	2811
15	33892443	0.0000	2824
15	33892507	0.0008	2888
15	33892537	0.0008	2918
15	33892851	0.0000	3232
15	33892946	0.0000	3327
15	33893112	0.0000	3493
15	33893184	0.0000	3565
15	33893981	0.0004	4362
15	33894351	0.0008	4732
15	33894449	0.0008	4830
15	33894483	22.0000	4864
15	36017959	0.0004	0
15	36018273	0.0000	314
15	36018330	0.0000	371
15	36018405	0.0000	446
15	36018472	0.0000	513
15	36018524	0.0004	565
15	36018825	0.0004	866
15	36018872	0.0000	913
15	36019009	0.0000	1050
15	36019161	0.0000	1202
15	36019534	0.0004	1575
15	36019720	0.0000	1761
15	36019939	0.0000	1980
15	36020139	0.0000	2180
15	36020141	0.0000	2182
15	36020151	0.0000	2192
15	36020178	0.0004	2219
15	36020217	0.0004	2258
15	36020250	0.0000	2291
15	36020256	0.0000	2297
15	36020621	0.0000	2662
15	36020747	0.0000	2788
15	36021045	0.0008	3086
15	36021271	0.0012	3312
15	36021802	24.0000	3843
15	37315833	0.0008	0
15	37316240	0.0008	407
15	37316731	0.0000	898
15	37317618	0.0008	1785
15	37317664	0.0008	1831
15	37317694	0.0012	1861
15	37318220	0.0012	2387
15	37320091	0.0004	4258
15	37320102	0.0000	4269
15	37320104	0.0004	4271
15	37320251	0.0000	4418
15	37320491	0.0008	4658
15	37321382	0.0012	5549
15	37323706	0.0004	7873
15	37324290	0.0004	8457
15	37324577	0.0004	8744
15	37325399	0.0008	9566
15	37326616	0.0000	10783
15	37326762	0.0000	10929
15	37326901	0.0004	11068
15	37327074	0.0004	11241
15	37327527	0.0012	11694
15	37327852	0.0008	12019
15	37327903	0.0000	12070
15	37327917	0.0008	12084
15	37328447	25.0000	12614
15	37851403	0.0000	0
15	37851636	0.0000	233
15	37851735	0.0000	332
15	37852223	0.0000	820
15	37852273	0.0000	870
15	37852645	0.0004	1242
15	37853516	0.0000	2113
15	37853559	0.0004	2156
15	37853708	0.0004	2305
15	37854088	0.0000	2685
15	37854355	0.0004	2952
15	37854370	0.0008	2967
15	37854497	0.0004	3094
15	37854756	0.0000	3353
15	37854792	0.0000	3389
15	37854915	0.0000	3512
15	37855046	0.0004	3643
15	37855405	0.0004	4002
15	37855529	0.0004	4126
15	37856167	0.0004	4764
15	37856557	0.0000	5154
15	37856653	0.0004	5250
15	37856658	0.0004	5255
15	37856759	23.0000	5356
15	38270627	0.0000	0
15	38270628	0.0000	1
15	38270629	0.0012	2
15	38272348	0.0004	1721
15	38272604	0.0000	1977
15	38272622	0.0000	1995
15	38272866	0.0004	2239
15	38273849	0.0000	3222
15	38273959	0.0000	3332
15	38274121	0.0000	3494
15	38275130	0.0008	4503
15	38275805	0.0004	5178
15	38276350	0.0000	5723
15	38277189	0.0000	6562
15	38277318	0.0000	6691
15	38277735	0.0000	7108
15	38277821	0.0000	7194
15	38277890	0.0000	7263
15	38277899	0.0000	7272
15	38278129	0.0008	7502
15	38278812	0.0008	8185
15	38279234	0.0004	8607
15	38279914	0.0008	9287
15	38280701	0.0008	10074
15	38282105	0.0004	11478
15	38282383	0.0000	11756
15	38283095	0.0000	12468
15	38283137	0.0000	12510
15	38283145	0.0004	12518
15	38284093	0.0004	13466
15	38285488	0.0000	14861
15	38285725	0.0000	15098
15	38285836	0.0004	15209
15	38287868	0.0000	17241
15	38288191	0.0000	17564
15	38288739	0.0000	18112
15	38288987	0.0000	18360
15	38289367	0.0000	18740
15	38289477	0.0000	18850
15	38289533	0.0012	18906
15	38289585	40.0000	18958
15	38304328	0.0012	0
15	38305033	0.0000	705
15	38305067	0.0000	739
15	38305590	0.0000	1262
15	38306691	0.0000	2363
15	38307045	0.0000	2717
15	38307724	0.0012	3396
15	38312989	0.0008	8661
15	38313016	0.0012	8688
15	38318736	0.0004	14408
15	38322324	0.0012	17996
15	38324912	0.0000	20584
15	38325954	0.0000	21626
15	38328386	0.0008	24058
15	38329333	0.0008	25005
15	38329801	0.0012	25473
15	38335246	0.0000	30918
15	38337971	0.0000	33643
15	38338944	0.0000	34616
15	38339230	0.0000	34902
15	38339339	0.0000	35011
15	38339639	0.0000	35311
15	38339729	0.0004	35401
15	38340492	0.0008	36164
15	38340601	0.0008	36273
15	38340635	0.0008	36307
15	38340785	0.0004	36457
15	38341145	0.0004	36817
15	38341193	0.0004	36865
15	38341396	0.0004	37068
15	38341430	0.0004	37102
15	38341492	0.0000	37164
15	38341646	0.0000	37318
15	38342327	0.0000	37999
15	38342386	0.0000	38058
15	38343531	0.0004	39203
15	38343678	0.0004	39350
15	38343760	0.0000	39432
15	38344422	0.0000	40094
15	38344741	0.0004	40413
15	38345602	0.0004	41274
15	38347309	0.0000	42981
15	38347704	0.0000	43376
15	38347738	0.0000	43410
15	38349690	0.0000	45362
15	38350110	0.0000	45782
15	38350192	0.0000	45864
15	38350310	0.0000	45982
15	38350588	0.0000	46260
15	38350808	0.0000	46480
15	38350830	50.0000	46502
15	38771262	0.0000	0
15	38771332	0.0000	70
15	38771406	0.0004	144
15	38771414	0.0008	152
15	38771488	0.0004	226
15	38771517	0.0000	255
15	38771611	0.0000	349
15	38771812	0.0012	550
15	38772002	0.0012	740
15	38772066	0.0000	804
15	38772069	0.0004	807
15	38772091	0.0004	829
15	38772198	0.0008	936
15	38772657	0.0000	1395
15	38772913	0.0000	1651
15	38772958	0.0000	1696
15	38772976	0.0004	1714
15	38773027	0.0008	1765
15	38773337	0.0004	2075
15	38773760	0.0000	2498
15	38773841	0.0000	2579
15	38774081	0.0000	2819
15	38774098	0.0000	2836
15	38774105	0.0004	2843
15	38774334	0.0004	3072
15	38774423	0.0000	3161
15	38774473	0.0000	3211
15	38774602	0.0000	3340
15	38774678	0.0000	3416
15	38774911	0.0004	3649
15	38775318	0.0004	4056
15	38775397	0.0008	4135
15	38775594	0.0000	4332
15	38775597	0.0004	4335
15	38775865	0.0000	4603
15	38776143	0.0004	4881
15	38776213	36.0000	4951
15	39541436	0.0000	0
15	39541459	0.0000	23
15	39541493	0.0004	57
15	39541694	0.0000	258
15	39541839	0.0000	403
15	39542059	0.0000	623
15	39542236	0.0000	800
15	39542647	0.0000	1211
15	39543138	0.0000	1702
15	39543214	0.0000	1778
15	39543263	0.0000	1827
15	39543317	0.0000	1881
15	39544528	0.0000	3092
15	39544706	0.0000	3270
15	39544793	0.0000	3357
15	39545255	0.0004	3819
15	39545357	0.0004	3921
15	39545449	0.0004	4013
15	39547724	0.0000	6288
15	39547864	0.0000	6428
15	39548060	0.0000	6624
15	39548085	0.0000	6649
15	39548222	0.0000	6786
15	39548500	23.0000	7064
15	39628058	0.0004	0
15	39628121	0.0004	63
15	39628155	0.0000	97
15	39628717	0.0000	659
15	39628966	0.0000	908
15	39629327	0.0000	1269
15	39629361	0.0000	1303
15	39629558	0.0000	1500
15	39630474	0.0000	2416
15	39630539	0.0000	2481
15	39630767	0.0000	2709
15	39631006	0.0000	2948
15	39631162	0.0000	3104
15	39631332	0.0000	3274
15	39631928	0.0000	3870
15	39632840	0.0000	4782
15	39632850	0.0000	4792
15	39633185	0.0000	5127
15	39633795	0.0000	5737
15	39634039	0.0000	5981
15	39634192	0.0004	6134
15	39635131	0.0004	7073
15	39635421	0.0000	7363
15	39635461	0.0000	7403
15	39635573	0.0000	7515
15	39635741	0.0000	7683
15	39636047	0.0000	7989
15	39636499	0.0000	8441
15	39636557	0.0000	8499
15	39636571	0.0004	8513
15	39637306	0.0000	9248
15	39637347	0.0000	9289
15	39637716	0.0000	9658
15	39637801	0.0000	9743
15	39638339	0.0004	10281
15	39638668	0.0000	10610
15	39638752	0.0004	10694
15	39638933	0.0004	10875
15	39640157	0.0004	12099
15	39641712	0.0008	13654
15	39642431	40.0000	14373
15	41210828	0.0000	0
15	41210830	0.0012	2
15	41211038	0.0000	210
15	41211397	0.0000	569
15	41211489	0.0000	661
15	41211508	0.0000	680
15	41211608	0.0004	780
15	41211620	0.0012	792
15	41212535	0.0012	1707
15	41213457	0.0004	2629
15	41213629	0.0004	2801
15	41214421	0.0012	3593
15	41214938	0.0000	4110
15	41214992	0.0000	4164
15	41215271	0.0000	4443
15	41215461	0.0000	4633
15	41215839	0.0000	5011
15	41216230	0.0000	5402
15	41216435	0.0000	5607
15	41216587	0.0004	5759
15	41217684	0.0004	6856
15	41218078	0.0000	7250
15	41218162	0.0000	7334
15	41218259	0.0000	7431
15	41218451	0.0000	7623
15	41218561	0.0000	7733
15	41218894	0.0000	8066
15	41218961	0.0004	8133
15	41219138	28.0000	8310
15	42287750	0.0000	0
15	42288515	0.0008	765
15	42291031	0.0004	3281
15	42291863	0.0004	4113
15	42293240	0.0008	5490
15	42295536	0.0000	7786
15	42295891	0.0000	8141
15	42296092	0.0000	8342
15	42296201	0.0000	8451
15	42296527	0.0000	8777
15	42297789	0.0004	10039
15	42297798	0.0004	10048
15	42300396	0.0000	12646
15	42301334	0.0000	13584
15	42302120	0.0000	14370
15	42302391	0.0004	14641
15	42304205	0.0004	16455
15	42305179	0.0004	17429
15	42305426	0.0004	17676
15	42308850	0.0000	21100
15	42309248	0.0000	21498
15	42309756	0.0000	22006
15	42311486	0.0000	23736
15	42311742	0.0000	23992
15	42311803	0.0000	24053
15	42311849	0.0000	24099
15	42312356	0.0000	24606
15	42312534	0.0000	24784
15	42312813	0.0000	25063
15	42313069	0.0000	25319
15	42313525	0.0000	25775
15	42313593	0.0000	25843
15	42313896	0.0000	26146
15	42314481	0.0000	26731
15	42314603	0.0000	26853
15	42314707	0.0000	26957
15	42315002	0.0000	27252
15	42315063	0.0000	27313
15	42315338	0.0000	27588
15	42315523	0.0000	27773
15	42316205	0.0000	28455
15	42316228	0.0008	28478
15	42316300	0.0008	28550
15	42316560	0.0000	28810
15	42316595	0.0000	28845
15	42316654	0.0000	28904
15	42316679	0.0000	28929
15	42316785	0.0008	29035
15	42316850	0.0008	29100
15	42316936	0.0000	29186
15	42317405	0.0000	29655
15	42318054	0.0000	30304
15	42318368	0.0000	30618
15	42318588	0.0000	30838
15	42319425	0.0000	31675
15	42319448	0.0000	31698
15	42319496	0.0004	31746
15	42319560	0.0004	31810
15	42319580	0.0000	31830
15	42319900	0.0000	32150
15	42319974	0.0000	32224
15	42319986	0.0000	32236
15	42320475	0.0000	32725
15	42320503	0.0000	32753
15	42320813	0.0000	33063
15	42321005	0.0000	33255
15	42321158	0.0000	33408
15	42321443	0.0000	33693
15	42321449	68.0000	33699
15	45026947	0.0000	0
15	45026948	0.0008	1
15	45026983	0.0000	36
15	45026995	0.0000	48
15	45026997	0.0000	50
15	45027005	0.0000	58
15	45027006	0.0000	59
15	45027044	0.0000	97
15	45027048	0.0004	101
15	45027051	0.0004	104
15	45027109	0.0008	162
15	45027124	0.0008	177
15	45027131	0.0000	184
15	45027150	0.0000	203
15	45027154	0.0000	207
15	45027164	0.0000	217
15	45027172	0.0000	225
15	45027181	0.0000	234
15	45027191	0.0000	244
15	45027196	0.0000	249
15	45027197	0.0000	250
15	45027208	0.0000	261
15	45027209	0.0000	262
15	45027214	0.0000	267
15	45027222	0.0000	275
15	45027249	0.0000	302
15	45027253	0.0000	306
15	45027260	0.0000	313
15	45027278	28.0000	331
15	45028336	0.0000	0
15	45028337	0.0000	1
15	45028349	0.0000	13
15	45028351	0.0000	15
15	45028359	0.0000	23
15	45028503	0.0000	167
15	45028508	0.0000	172
15	45028517	0.0008	181
15	45028535	0.0008	199
15	45028542	0.0000	206
15	45028648	0.0004	312
15	45028657	0.0004	321
15	45028663	0.0000	327
15	45028669	0.0004	333
15	45028689	0.0004	353
15	45028694	0.0000	358
15	45028696	0.0004	360
15	45028758	0.0004	422
15	45028802	0.0000	466
15	45028887	0.0000	551
15	45028911	0.0000	575
15	45029001	0.0000	665
15	45029004	0.0000	668
15	45029063	0.0000	727
15	45029095	0.0000	759
15	45029097	0.0000	761
15	45029101	0.0000	765
15	45029123	0.0000	787
15	45029132	0.0000	796
15	45029138	0.0000	802
15	45029148	0.0000	812
15	45029186	0.0000	850
15	45029193	0.0000	857
15	45029203	0.0000	867
15	45029209	0.0000	873
15	45029214	0.0000	878
15	45029224	0.0004	888
15	45029280	0.0004	944
15	45029283	0.0000	947
15	45029306	0.0000	970
15	45029309	0.0000	973
15	45029318	0.0000	982
15	45029372	0.0000	1036
15	45029377	0.0000	1041
15	45029379	0.0000	1043
15	45029393	0.0000	1057
15	45029430	0.0000	1094
15	45029561	0.0000	1225
15	45029569	0.0000	1233
15	45029583	0.0000	1247
15	45029586	0.0000	1250
15	45029621	0.0000	1285
15	45029848	0.0000	1512
15	45029856	0.0000	1520
15	45029861	0.0000	1525
15	45029867	0.0000	1531
15	45029871	0.0000	1535
15	45029879	0.0000	1543
15	45029920	0.0000	1584
15	45029928	0.0000	1592
15	45029931	0.0000	1595
15	45029937	0.0000	1601
15	45029959	0.0000	1623
15	45029965	0.0000	1629
15	45029974	0.0000	1638
15	45029978	0.0000	1642
15	45029979	0.0000	1643
15	45030008	0.0000	1672
15	45030027	0.0004	1691
15	45030067	0.0000	1731
15	45030069	0.0004	1733
15	45030176	0.0000	1840
15	45030179	0.0000	1843
15	45030214	0.0000	1878
15	45030215	0.0000	1879
15	45030254	0.0000	1918
15	45030270	0.0000	1934
15	45030271	0.0000	1935
15	45030288	0.0000	1952
15	45030300	0.0000	1964
15	45030314	0.0000	1978
15	45030315	0.0004	1979
15	45030344	0.0000	2008
15	45030345	0.0008	2009
15	45030427	0.0000	2091
15	45030429	0.0008	2093
15	45030457	0.0004	2121
15	45030472	0.0004	2136
15	45030548	0.0008	2212
15	45030859	0.0008	2523
15	45031048	0.0008	2712
15	45031050	0.0012	2714
15	45031066	0.0008	2730
15	45031128	0.0000	2792
15	45031133	0.0000	2797
15	45031138	0.0004	2802
15	45031146	0.0000	2810
15	45031147	0.0000	2811
15	45031158	0.0000	2822
15	45031175	0.0000	2839
15	45031224	0.0008	2888
15	45031233	0.0008	2897
15	45031356	0.0000	3020
15	45031367	0.0000	3031
15	45031377	0.0000	3041
15	45031626	0.0008	3290
15	45031656	106.0000	3320
15	45224921	0.0000	0
15	45224975	0.0000	54
15	45225095	0.0000	174
15	45225188	0.0000	267
15	45225307	0.0000	386
15	45225686	0.0008	765
15	45226430	0.0008	1509
15	45226838	0.0012	1917
15	45229338	0.0008	4417
15	45229909	0.0004	4988
15	45229916	0.0004	4995
15	45229919	0.0004	4998
15	45229932	0.0000	5011
15	45230601	0.0004	5680
15	45231899	0.0004	6978
15	45232058	0.0000	7137
15	45233768	0.0000	8847
15	45233828	0.0004	8907
15	45234342	0.0004	9421
15	45234607	0.0004	9686
15	45234621	0.0004	9700
15	45234817	0.0000	9896
15	45234929	0.0000	10008
15	45235107	0.0000	10186
15	45235479	0.0000	10558
15	45235637	0.0000	10716
15	45235664	0.0000	10743
15	45235798	0.0000	10877
15	45235954	0.0000	11033
15	45235980	0.0000	11059
15	45236124	0.0000	11203
15	45236185	0.0000	11264
15	45236504	0.0000	11583
15	45236568	0.0000	11647
15	45236715	0.0000	11794
15	45236943	0.0000	12022
15	45237432	0.0000	12511
15	45237686	0.0000	12765
15	45238318	0.0000	13397
15	45238844	0.0004	13923
15	45238865	0.0004	13944
15	45239185	0.0000	14264
15	45239442	0.0000	14521
15	45240319	0.0000	15398
15	45240742	0.0004	15821
15	45241343	0.0004	16422
15	45241776	0.0000	16855
15	45242524	0.0004	17603
15	45242630	0.0004	17709
15	45243130	0.0000	18209
15	45243195	0.0000	18274
15	45243485	0.0000	18564
15	45243532	0.0000	18611
15	45243715	0.0000	18794
15	45243784	0.0000	18863
15	45244711	0.0000	19790
15	45244902	0.0000	19981
15	45245313	0.0000	20392
15	45245355	0.0000	20434
15	45245466	0.0000	20545
15	45245486	0.0000	20565
15	45245744	0.0000	20823
15	45246099	0.0000	21178
15	45246152	0.0000	21231
15	45246292	0.0000	21371
15	45246668	0.0000	21747
15	45246939	0.0012	22018
15	45247649	0.0008	22728
15	45248162	0.0000	23241
15	45248320	0.0000	23399
15	45249368	0.0000	24447
15	45249689	0.0000	24768
15	45249783	0.0000	24862
15	45249850	0.0000	24929
15	45250114	0.0000	25193
15	45250752	75.0000	25831
15	45254404	0.0012	0
15	45254462	0.0008	58
15	45254839	0.0000	435
15	45254916	0.0000	512
15	45254923	0.0000	519
15	45255044	0.0000	640
15	45255082	0.0000	678
15	45255126	0.0000	722
15	45255407	0.0000	1003
15	45255837	0.0000	1433
15	45257067	0.0000	2663
15	45257244	0.0000	2840
15	45257404	0.0000	3000
15	45257664	0.0000	3260
15	45258459	0.0000	4055
15	45258593	0.0000	4189
15	45258640	0.0000	4236
15	45258707	0.0000	4303
15	45258847	0.0000	4443
15	45258858	0.0004	4454
15	45258942	0.0004	4538
15	45259225	0.0000	4821
15	45259293	0.0000	4889
15	45259394	0.0000	4990
15	45259644	0.0000	5240
15	45259883	25.0000	5479
15	45429924	0.0012	0
15	45430285	0.0012	361
15	45431893	0.0000	1969
15	45431932	0.0000	2008
15	45431963	0.0000	2039
15	45432617	0.0000	2693
15	45432941	0.0000	3017
15	45433541	0.0000	3617
15	45433639	0.0000	3715
15	45433766	0.0000	3842
15	45433830	0.0004	3906
15	45433986	0.0000	4062
15	45433990	0.0004	4066
15	45434196	0.0000	4272
15	45434219	0.0000	4295
15	45434247	0.0000	4323
15	45434685	0.0000	4761
15	45434702	0.0004	4778
15	45434729	0.0004	4805
15	45435055	0.0000	5131
15	45435089	0.0004	5165
15	45435261	0.0000	5337
15	45435270	0.0000	5346
15	45435319	0.0000	5395
15	45435700	0.0000	5776
15	45435728	0.0000	5804
15	45436077	0.0004	6153
15	45436171	0.0004	6247
15	45436709	0.0004	6785
15	45436884	0.0004	6960
15	45436993	0.0000	7069
15	45437185	0.0000	7261
15	45437339	0.0000	7415
15	45437881	0.0000	7957
15	45438176	0.0000	8252
15	45438263	0.0000	8339
15	45438586	0.0000	8662
15	45438879	0.0000	8955
15	45438902	0.0000	8978
15	45439205	0.0000	9281
15	45439322	0.0000	9398
15	45439333	0.0000	9409
15	45439898	0.0000	9974
15	45440154	0.0004	10230
15	45440377	0.0004	10453
15	45440579	0.0000	10655
15	45440616	0.0000	10692
15	45440696	0.0004	10772
15	45441171	0.0004	11247
15	45441344	0.0000	11420
15	45441833	0.0000	11909
15	45442182	0.0000	12258
15	45442253	0.0000	12329
15	45442476	0.0000	12552
15	45442496	0.0000	12572
15	45443529	55.0000	13605
15	45906654	0.0012	0
15	45907692	0.0008	1038
15	45908318	0.0000	1664
15	45908854	0.0000	2200
15	45909125	0.0000	2471
15	45909171	0.0000	2517
15	45909400	0.0000	2746
15	45909480	0.0000	2826
15	45909639	0.0000	2985
15	45909670	0.0000	3016
15	45909912	0.0000	3258
15	45910174	0.0000	3520
15	45910259	0.0000	3605
15	45910268	0.0000	3614
15	45911005	0.0004	4351
15	45912360	0.0000	5706
15	45912405	0.0000	5751
15	45912432	0.0004	5778
15	45912786	0.0000	6132
15	45913931	0.0000	7277
15	45914292	0.0000	7638
15	45914539	0.0000	7885
15	45914922	0.0000	8268
15	45915325	0.0000	8671
15	45915546	0.0000	8892
15	45916096	0.0004	9442
15	45917081	0.0004	10427
15	45917716	27.0000	11062
15	47085015	0.0012	0
15	47085274	0.0012	259
15	47085566	0.0000	551
15	47085629	0.0000	614
15	47085665	0.0000	650
15	47085854	0.0004	839
15	47086106	0.0004	1091
15	47086124	0.0004	1109
15	47086410	0.0004	1395
15	47087104	0.0000	2089
15	47087192	0.0000	2177
15	47087930	0.0000	2915
15	47089022	0.0004	4007
15	47089188	0.0000	4173
15	47089196	0.0004	4181
15	47089626	0.0000	4611
15	47089718	0.0000	4703
15	47090258	0.0000	5243
15	47090509	0.0000	5494
15	47090619	0.0000	5604
15	47090790	0.0000	5775
15	47091242	0.0000	6227
15	47092930	0.0000	7915
15	47093656	0.0004	8641
15	47093777	0.0004	8762
15	47093785	0.0000	8770
15	47094309	0.0000	9294
15	47094568	0.0000	9553
15	47094774	0.0004	9759
15	47094822	0.0004	9807
15	47095006	30.0000	9991
15	47347755	0.0000	0
15	47347918	0.0000	163
15	47348027	0.0000	272
15	47348371	0.0008	616
15	47348590	0.0008	835
15	47349325	0.0000	1570
15	47349405	0.0000	1650
15	47349491	0.0000	1736
15	47349702	0.0004	1947
15	47349837	0.0004	2082
15	47350283	0.0000	2528
15	47350384	0.0000	2629
15	47350538	0.0000	2783
15	47350566	0.0000	2811
15	47351056	0.0000	3301
15	47351655	0.0000	3900
15	47351960	0.0000	4205
15	47352212	0.0000	4457
15	47352331	0.0000	4576
15	47352766	0.0004	5011
15	47353294	0.0000	5539
15	47353592	0.0000	5837
15	47353759	0.0000	6004
15	47353835	0.0000	6080
15	47354152	24.0000	6397
15	49543466	0.0004	0
15	49546064	0.0000	2598
15	49546099	0.0000	2633
15	49546685	0.0000	3219
15	49546804	0.0000	3338
15	49547333	0.0004	3867
15	49547347	0.0000	3881
15	49547350	0.0004	3884
15	49547679	0.0000	4213
15	49547972	0.0000	4506
15	49548359	0.0000	4893
15	49549746	0.0000	6280
15	49550679	0.0004	7213
15	49551143	0.0004	7677
15	49551252	0.0004	7786
15	49553677	0.0004	10211
15	49554966	0.0004	11500
15	49555139	0.0004	11673
15	49555264	0.0000	11798
15	49556825	0.0000	13359
15	49557185	0.0000	13719
15	49558087	0.0000	14621
15	49560938	0.0000	17472
15	49561866	0.0012	18400
15	49563355	0.0012	19889
15	49563462	0.0012	19996
15	49563592	0.0012	20126
15	49563785	0.0000	20319
15	49565331	0.0000	21865
15	49565647	0.0012	22181
15	49571409	30.0000	27943
15	50815656	0.0000	0
15	50815923	0.0000	267
15	50816754	0.0000	1098
15	50817153	0.0000	1497
15	50817280	0.0000	1624
15	50817443	0.0000	1787
15	50818780	0.0000	3124
15	50818985	0.0000	3329
15	50818996	0.0004	3340
15	50820748	0.0000	5092
15	50820930	0.0000	5274
15	50821168	0.0000	5512
15	50821706	0.0000	6050
15	50821781	0.0000	6125
15	50821786	0.0004	6130
15	50821934	0.0008	6278
15	50821975	0.0004	6319
15	50822120	0.0000	6464
15	50822453	0.0000	6797
15	50822530	0.0000	6874
15	50822889	0.0000	7233
15	50823364	0.0004	7708
15	50824006	0.0004	8350
15	50824093	0.0000	8437
15	50825327	0.0000	9671
15	50825497	0.0000	9841
15	50826093	0.0000	10437
15	50826836	0.0000	11180
15	50827616	0.0012	11960
15	50828496	0.0000	12840
15	50829955	0.0012	14299
15	50830028	0.0012	14372
15	50830830	32.0000	15174
15	52331666	0.0012	0
15	52338749	0.0012	7083
15	52340948	0.0008	9282
15	52342078	0.0000	10412
15	52342213	0.0000	10547
15	52342712	0.0000	11046
15	52342826	0.0008	11160
15	52344204	0.0008	12538
15	52345605	0.0008	13939
15	52345699	0.0008	14033
15	52347329	0.0000	15663
15	52351903	0.0004	20237
15	52352555	0.0008	20889
15	52353549	0.0000	21883
15	52354261	0.0000	22595
15	52355036	0.0008	23370
15	52357635	0.0000	25969
15	52358032	0.0000	26366
15	52358644	0.0004	26978
15	52359112	0.0000	27446
15	52359977	0.0000	28311
15	52360750	0.0000	29084
15	52361076	0.0004	29410
15	52362944	0.0000	31278
15	52364993	0.0000	33327
15	52365015	0.0000	33349
15	52366054	0.0004	34388
15	52369233	0.0004	37567
15	52370798	0.0004	39132
15	52371111	0.0004	39445
15	52373120	30.0000	41454
15	52493055	0.0000	0
15	52493524	0.0000	469
15	52493914	0.0000	859
15	52496753	0.0000	3698
15	52497108	0.0000	4053
15	52497618	0.0000	4563
15	52498421	0.0000	5366
15	52498573	0.0000	5518
15	52499882	0.0004	6827
15	52500181	0.0008	7126
15	52501126	0.0008	8071
15	52502111	0.0000	9056
15	52503032	0.0000	9977
15	52504331	0.0000	11276
15	52504816	0.0000	11761
15	52506484	0.0000	13429
15	52508096	0.0000	15041
15	52508341	0.0000	15286
15	52510478	0.0000	17423
15	52511934	0.0000	18879
15	52512051	0.0000	18996
15	52512052	21.0000	18997
15	52898009	0.0012	0
15	52898289	0.0000	280
15	52898290	0.0004	281
15	52898359	0.0000	350
15	52898728	0.0004	719
15	52898875	0.0004	866
15	52899287	0.0000	1278
15	52899875	0.0000	1866
15	52899920	0.0000	1911
15	52900014	0.0000	2005
15	52900119	0.0000	2110
15	52900148	0.0000	2139
15	52900223	0.0000	2214
15	52900260	0.0000	2251
15	52900305	0.0004	2296
15	52900386	0.0004	2377
15	52900401	0.0004	2392
15	52900503	0.0000	2494
15	52900567	0.0000	2558
15	52900585	0.0004	2576
15	52900752	0.0004	2743
15	52900829	0.0000	2820
15	52900870	0.0000	2861
15	52900953	0.0000	2944
15	52901587	0.0004	3578
15	52901627	0.0004	3618
15	52901859	0.0000	3850
15	52901914	0.0000	3905
15	52902079	0.0000	4070
15	52902602	0.0000	4593
15	52902883	0.0000	4874
15	52903115	0.0000	5106
15	52903444	0.0004	5435
15	52903455	0.0004	5446
15	52903488	0.0000	5479
15	52903489	0.0000	5480
15	52903586	0.0000	5577
15	52903622	0.0000	5613
15	52903623	0.0004	5614
15	52903650	0.0004	5641
15	52903853	0.0000	5844
15	52903960	0.0000	5951
15	52904088	0.0000	6079
15	52904246	0.0004	6237
15	52904813	0.0004	6804
15	52904815	0.0000	6806
15	52904845	0.0000	6836
15	52904941	0.0000	6932
15	52905191	0.0000	7182
15	52905283	0.0004	7274
15	52905379	0.0004	7370
15	52905635	0.0008	7626
15	52905872	0.0004	7863
15	52905901	0.0004	7892
15	52905914	0.0000	7905
15	52905938	0.0008	7929
15	52906339	0.0000	8330
15	52906344	0.0000	8335
15	52906352	0.0000	8343
15	52906365	0.0012	8356
15	52906662	0.0012	8653
15	52906943	61.0000	8934
15	53823789	0.0000	0
15	53824232	0.0004	443
15	53824636	0.0004	847
15	53824862	0.0000	1073
15	53825041	0.0000	1252
15	53825276	0.0000	1487
15	53825962	0.0000	2173
15	53826409	0.0004	2620
15	53827156	0.0000	3367
15	53827157	0.0004	3368
15	53828763	0.0000	4974
15	53828968	0.0000	5179
15	53829434	0.0000	5645
15	53829436	0.0000	5647
15	53829438	0.0000	5649
15	53829805	0.0000	6016
15	53830155	0.0000	6366
15	53832146	0.0004	8357
15	53834112	0.0004	10323
15	53835582	0.0000	11793
15	53835598	0.0000	11809
15	53836756	0.0000	12967
15	53836901	22.0000	13112
15	54175759	0.0000	0
15	54176019	0.0000	260
15	54176350	0.0004	591
15	54176638	0.0000	879
15	54177011	0.0000	1252
15	54177270	0.0000	1511
15	54177528	0.0000	1769
15	54177543	0.0000	1784
15	54177690	0.0000	1931
15	54177849	0.0004	2090
15	54178758	0.0012	2999
15	54179164	0.0004	3405
15	54179562	0.0000	3803
15	54180054	0.0004	4295
15	54180450	0.0004	4691
15	54180463	0.0000	4704
15	54180525	0.0000	4766
15	54180717	0.0004	4958
15	54180942	0.0004	5183
15	54181232	0.0000	5473
15	54182254	0.0000	6495
15	54183057	0.0008	7298
15	54183379	0.0008	7620
15	54183609	23.0000	7850
15	54478964	0.0004	0
15	54479071	0.0008	107
15	54479458	0.0008	494
15	54479488	0.0000	524
15	54479709	0.0000	745
15	54479795	0.0012	831
15	54479950	0.0012	986
15	54480224	0.0004	1260
15	54480413	0.0004	1449
15	54480656	0.0000	1692
15	54480704	0.0000	1740
15	54481493	0.0000	2529
15	54481544	0.0008	2580
15	54482264	0.0004	3300
15	54482591	0.0004	3627
15	54482691	0.0008	3727
15	54483002	0.0008	4038
15	54483242	0.0008	4278
15	54483277	0.0000	4313
15	54483482	0.0004	4518
15	54483535	0.0004	4571
15	54483565	0.0000	4601
15	54483716	0.0000	4752
15	54483733	0.0000	4769
15	54483747	24.0000	4783
15	54682845	0.0000	0
15	54683118	0.0000	273
15	54684177	0.0000	1332
15	54686331	0.0004	3486
15	54686991	0.0004	4146
15	54687722	0.0004	4877
15	54687826	0.0004	4981
15	54687882	0.0000	5037
15	54687883	0.0000	5038
15	54687890	0.0008	5045
15	54688059	0.0000	5214
15	54688095	0.0000	5250
15	54688521	0.0000	5676
15	54688533	0.0000	5688
15	54688600	0.0012	5755
15	54688686	0.0012	5841
15	54688778	0.0000	5933
15	54689013	0.0000	6168
15	54689340	0.0000	6495
15	54689405	0.0000	6560
15	54689604	0.0000	6759
15	54689627	0.0000	6782
15	54689776	22.0000	6931
15	54851201	0.0000	0
15	54851203	0.0000	2
15	54851235	0.0000	34
15	54851355	0.0000	154
15	54851361	0.0000	160
15	54851468	0.0000	267
15	54851483	0.0000	282
15	54851495	0.0000	294
15	54851557	0.0000	356
15	54851616	0.0004	415
15	54851810	0.0004	609
15	54851826	0.0000	625
15	54851983	0.0000	782
15	54852113	0.0000	912
15	54852144	0.0000	943
15	54852212	0.0000	1011
15	54852249	0.0000	1048
15	54852391	0.0004	1190
15	54852449	0.0000	1248
15	54852468	0.0004	1267
15	54852614	0.0000	1413
15	54852769	21.0000	1568
15	54854004	0.0000	0
15	54854017	0.0004	13
15	54854149	0.0000	145
15	54854152	0.0000	148
15	54854165	0.0000	161
15	54854177	0.0000	173
15	54854184	0.0000	180
15	54854185	0.0004	181
15	54854200	0.0000	196
15	54854204	0.0000	200
15	54855560	0.0000	1556
15	54855743	0.0000	1739
15	54855819	0.0004	1815
15	54855944	0.0004	1940
15	54856078	0.0000	2074
15	54856090	0.0004	2086
15	54856134	0.0008	2130
15	54856304	0.0004	2300
15	54856605	0.0004	2601
15	54856911	0.0004	2907
15	54856965	0.0000	2961
15	54857013	0.0000	3009
15	54857070	0.0000	3066
15	54857136	0.0000	3132
15	54857217	0.0000	3213
15	54857277	0.0000	3273
15	54857335	0.0004	3331
15	54857384	0.0004	3380
15	54858244	28.0000	4240
15	55203500	0.0000	0
15	55203576	0.0000	76
15	55203765	0.0000	265
15	55203845	0.0000	345
15	55203860	0.0000	360
15	55203913	0.0000	413
15	55204080	0.0000	580
15	55204089	0.0000	589
15	55204558	0.0000	1058
15	55204571	0.0004	1071
15	55205493	0.0004	1993
15	55206736	0.0000	3236
15	55206742	0.0000	3242
15	55206812	0.0000	3312
15	55206992	0.0000	3492
15	55207659	0.0000	4159
15	55207904	0.0000	4404
15	55208013	0.0000	4513
15	55208404	0.0000	4904
15	55208483	0.0000	4983
15	55208590	0.0004	5090
15	55208918	0.0004	5418
15	55209146	0.0000	5646
15	55209353	0.0000	5853
15	55209507	0.0008	6007
15	55210318	0.0012	6818
15	55210483	0.0012	6983
15	55210894	0.0004	7394
15	55211007	0.0012	7507
15	55211114	0.0012	7614
15	55211423	0.0000	7923
15	55211432	0.0000	7932
15	55211784	0.0000	8284
15	55211904	33.0000	8404
15	55386117	0.0004	0
15	55387610	0.0000	1493
15	55388447	0.0008	2330
15	55388842	0.0008	2725
15	55389772	0.0000	3655
15	55391153	0.0008	5036
15	55392111	0.0008	5994
15	55392887	0.0000	6770
15	55393696	0.0000	7579
15	55394486	0.0000	8369
15	55394519	0.0000	8402
15	55397163	0.0000	11046
15	55397208	0.0000	11091
15	55398318	0.0000	12201
15	55398634	0.0000	12517
15	55398936	0.0008	12819
15	55398953	0.0008	12836
15	55400376	0.0000	14259
15	55400588	0.0000	14471
15	55401415	0.0000	15298
15	55401488	0.0000	15371
15	55401924	0.0000	15807
15	55402404	0.0000	16287
15	55405231	0.0008	19114
15	55405766	0.0008	19649
15	55406955	0.0004	20838
15	55408050	0.0000	21933
15	55408150	0.0000	22033
15	55408229	0.0004	22112
15	55408783	0.0008	22666
15	55410637	0.0012	24520
15	55411813	0.0013	25696
15	55411924	0.0013	25807
15	55413491	0.0008	27374
15	55415754	0.0012	29637
15	55416268	0.0004	30151
15	55416573	0.0000	30456
15	55416640	0.0000	30523
15	55416820	0.0008	30703
15	55419611	0.0004	33494
15	55419735	0.0000	33618
15	55419830	0.0000	33713
15	55420659	0.0000	34542
15	55421021	0.0004	34904
15	55421422	44.0000	35305
15	55952564	0.0004	0
15	55952981	0.0012	417
15	55953738	0.0004	1174
15	55953973	0.0000	1409
15	55954037	0.0000	1473
15	55954085	0.0004	1521
15	55954618	0.0004	2054
15	55954870	0.0004	2306
15	55955251	0.0004	2687
15	55955682	0.0004	3118
15	55956370	0.0000	3806
15	55956670	0.0000	4106
15	55956686	0.0000	4122
15	55957969	0.0000	5405
15	55958111	0.0000	5547
15	55959423	0.0008	6859
15	55959477	0.0012	6913
15	55960074	0.0004	7510
15	55960084	0.0000	7520
15	55960364	0.0000	7800
15	55960527	0.0000	7963
15	55960979	0.0008	8415
15	55961038	0.0012	8474
15	55961110	0.0004	8546
15	55961566	24.0000	9002
15	55971334	0.0000	0
15	55971377	0.0000	43
15	55971433	0.0000	99
15	55971461	0.0000	127
15	55971722	0.0000	388
15	55971730	0.0000	396
15	55971755	0.0000	421
15	55971916	0.0004	582
15	55972035	0.0004	701
15	55972079	0.0004	745
15	55972129	0.0004	795
15	55972491	0.0004	1157
15	55972509	0.0004	1175
15	55972591	0.0004	1257
15	55972678	0.0000	1344
15	55973048	0.0000	1714
15	55973224	0.0000	1890
15	55973481	0.0012	2147
15	55973594	0.0012	2260
15	55973678	0.0008	2344
15	55973783	0.0000	2449
15	55973807	0.0004	2473
15	55973880	0.0004	2546
15	55974604	0.0000	3270
15	55974635	0.0004	3301
15	55975517	0.0004	4183
15	55975791	0.0000	4457
15	55976079	27.0000	4745
15	56202170	0.0000	0
15	56202513	0.0000	343
15	56202938	0.0000	768
15	56203586	0.0000	1416
15	56204092	0.0000	1922
15	56204327	0.0000	2157
15	56204754	0.0004	2584
15	56204935	0.0004	2765
15	56204942	0.0000	2772
15	56206502	0.0000	4332
15	56207128	0.0000	4958
15	56207182	0.0000	5012
15	56207284	0.0000	5114
15	56207285	0.0004	5115
15	56207788	0.0004	5618
15	56207866	0.0000	5696
15	56208709	0.0000	6539
15	56208821	0.0000	6651
15	56208829	0.0000	6659
15	56208932	0.0004	6762
15	56209217	0.0004	7047
15	56210388	0.0000	8218
15	56210732	22.0000	8562
15	56212400	0.0000	0
15	56213516	0.0000	1116
15	56214045	0.0000	1645
15	56214100	0.0000	1700
15	56214672	0.0000	2272
15	56215240	0.0000	2840
15	56215384	0.0000	2984
15	56215418	0.0000	3018
15	56215437	0.0000	3037
15	56215906	0.0000	3506
15	56216797	0.0000	4397
15	56216891	0.0000	4491
15	56217062	0.0000	4662
15	56217191	0.0000	4791
15	56217861	0.0012	5461
15	56218219	0.0012	5819
15	56218241	0.0000	5841
15	56218327	0.0008	5927
15	56218598	0.0008	6198
15	56218791	0.0000	6391
15	56218924	0.0000	6524
15	56219165	0.0000	6765
15	56219363	0.0000	6963
15	56219485	0.0000	7085
15	56219751	0.0004	7351
15	56220451	0.0004	8051
15	56220751	0.0000	8351
15	56220763	0.0004	8363
15	56221302	0.0008	8902
15	56223935	0.0000	11535
15	56224722	0.0000	12322
15	56225618	0.0000	13218
15	56226056	0.0000	13656
15	56226811	0.0000	14411
15	56226812	0.0000	14412
15	56227288	0.0000	14888
15	56227620	0.0000	15220
15	56227719	0.0008	15319
15	56228154	0.0004	15754
15	56228662	0.0008	16262
15	56228939	0.0000	16539
15	56229327	0.0000	16927
15	56229344	0.0000	16944
15	56229700	0.0000	17300
15	56230262	0.0000	17862
15	56230790	0.0000	18390
15	56230954	0.0000	18554
15	56231057	0.0000	18657
15	56231461	0.0000	19061
15	56231836	0.0000	19436
15	56231845	0.0000	19445
15	56231898	0.0000	19498
15	56231938	0.0000	19538
15	56232070	0.0000	19670
15	56232109	0.0000	19709
15	56233018	0.0004	20618
15	56233113	0.0004	20713
15	56234019	0.0004	21619
15	56234422	0.0000	22022
15	56234450	0.0000	22050
15	56234965	0.0000	22565
15	56235079	61.0000	22679
15	65740691	0.0000	0
15	65743334	0.0000	2643
15	65743380	0.0000	2689
15	65743441	0.0000	2750
15	65747696	0.0000	7005
15	65748929	0.0004	8238
15	65750196	0.0004	9505
15	65750229	0.0000	9538
15	65750317	0.0004	9626
15	65751353	0.0004	10662
15	65753159	0.0000	12468
15	65753773	0.0004	13082
15	65753859	0.0004	13168
15	65754375	0.0000	13684
15	65755310	0.0012	14619
15	65755680	0.0012	14989
15	65760707	0.0008	20016
15	65762468	0.0000	21777
15	65762877	0.0004	22186
15	65763118	0.0008	22427
15	65764792	0.0000	24101
15	65766083	0.0004	25392
15	65766214	0.0008	25523
15	65769889	0.0000	29198
15	65769906	0.0004	29215
15	65770974	0.0000	30283
15	65771193	0.0004	30502
15	65771844	0.0000	31153
15	65771845	0.0004	31154
15	65773687	0.0004	32996
15	65774130	0.0004	33439
15	65774281	0.0004	33590
15	65774518	0.0000	33827
15	65774850	0.0000	34159
15	65775333	0.0000	34642
15	65775736	0.0000	35045
15	65777109	0.0004	36418
15	65778723	0.0012	38032
15	65780666	0.0004	39975
15	65780955	0.0000	40264
15	65781006	40.0000	40315
15	70361633	0.0004	0
15	70361825	0.0000	192
15	70361887	0.0000	254
15	70361894	0.0004	261
15	70362495	0.0004	862
15	70362600	0.0000	967
15	70362604	0.0000	971
15	70362616	0.0000	983
15	70362724	0.0000	1091
15	70362742	0.0004	1109
15	70362826	0.0004	1193
15	70363519	0.0004	1886
15	70364673	0.0000	3040
15	70364816	0.0000	3183
15	70365410	0.0000	3777
15	70367468	0.0000	5835
15	70367815	0.0000	6182
15	70367864	0.0000	6231
15	70367896	0.0000	6263
15	70367908	0.0000	6275
15	70368067	0.0000	6434
15	70368111	0.0000	6478
15	70368401	0.0004	6768
15	70368805	0.0008	7172
15	70369709	0.0004	8076
15	70369789	0.0000	8156
15	70369902	0.0004	8269
15	70370005	0.0004	8372
15	70372818	28.0000	11185
15	70765060	0.0012	0
15	70766455	0.0000	1395
15	70766817	0.0000	1757
15	70766912	0.0000	1852
15	70766935	0.0012	1875
15	70766979	0.0012	1919
15	70767328	0.0000	2268
15	70767627	0.0000	2567
15	70767888	0.0000	2828
15	70768231	0.0000	3171
15	70769097	0.0000	4037
15	70769398	0.0008	4338
15	70769779	0.0012	4719
15	70769939	0.0004	4879
15	70769966	0.0008	4906
15	70770494	0.0000	5434
15	70771369	0.0004	6309
15	70771539	0.0004	6479
15	70772061	0.0008	7001
15	70772310	0.0000	7250
15	70772949	0.0000	7889
15	70773599	0.0000	8539
15	70774274	0.0000	9214
15	70774468	0.0004	9408
15	70775819	0.0000	10759
15	70776776	25.0000	11716
15	74998155	0.0012	0
15	74998481	0.0012	326
15	74999523	0.0012	1368
15	75000575	0.0012	2420
15	75001396	0.0004	3241
15	75001498	0.0004	3343
15	75002173	0.0004	4018
15	75002689	0.0000	4534
15	75003200	0.0000	5045
15	75003564	0.0000	5409
15	75004942	0.0012	6787
15	75005330	0.0000	7175
15	75006734	0.0008	8579
15	75007943	0.0004	9788
15	75008282	0.0004	10127
15	75010229	0.0004	12074
15	75012351	0.0004	14196
15	75013700	0.0004	15545
15	75014303	0.0000	16148
15	75014454	0.0000	16299
15	75014522	20.0000	16367
15	77522202	0.0000	0
15	77522896	0.0000	694
15	77523562	0.0008	1360
15	77523649	0.0004	1447
15	77523878	0.0004	1676
15	77524089	0.0000	1887
15	77524342	0.0000	2140
15	77524477	0.0000	2275
15	77524602	0.0000	2400
15	77524761	0.0000	2559
15	77524916	0.0000	2714
15	77524946	0.0000	2744
15	77525145	0.0000	2943
15	77525298	0.0000	3096
15	77525535	0.0004	3333
15	77525542	0.0000	3340
15	77525544	0.0008	3342
15	77525700	0.0004	3498
15	77525851	0.0004	3649
15	77525943	0.0000	3741
15	77526176	0.0000	3974
15	77526206	0.0000	4004
15	77526591	0.0000	4389
15	77526650	0.0000	4448
15	77526799	24.0000	4597
15	79327098	0.0008	0
15	79328493	0.0000	1395
15	79328790	0.0004	1692
15	79329153	0.0000	2055
15	79329154	0.0000	2056
15	79329174	0.0004	2076
15	79329481	0.0004	2383
15	79329643	0.0004	2545
15	79329979	0.0000	2881
15	79330014	0.0004	2916
15	79330045	0.0004	2947
15	79330062	0.0008	2964
15	79330340	0.0004	3242
15	79330542	0.0000	3444
15	79330767	0.0008	3669
15	79331401	0.0004	4303
15	79331599	0.0000	4501
15	79331643	0.0000	4545
15	79332010	0.0000	4912
15	79332029	0.0000	4931
15	79332068	0.0012	4970
15	79332139	21.0000	5041
15	79347771	0.0000	0
15	79347872	0.0000	101
15	79348124	0.0000	353
15	79348170	0.0000	399
15	79348177	0.0000	406
15	79348248	0.0004	477
15	79348304	0.0004	533
15	79348384	0.0000	613
15	79348482	0.0000	711
15	79348611	0.0000	840
15	79348829	0.0000	1058
15	79348838	0.0000	1067
15	79348876	0.0000	1105
15	79349096	0.0000	1325
15	79349178	0.0000	1407
15	79349274	0.0000	1503
15	79349528	0.0000	1757
15	79349557	0.0000	1786
15	79349678	0.0004	1907
15	79349857	0.0000	2086
15	79350354	0.0000	2583
15	79350369	0.0000	2598
15	79351927	0.0000	4156
15	79352046	0.0000	4275
15	79352115	0.0008	4344
15	79352568	0.0012	4797
15	79353408	0.0000	5637
15	79353417	0.0012	5646
15	79353668	0.0004	5897
15	79355371	0.0000	7600
15	79356665	30.0000	8894
15	79509171	0.0000	0
15	79509721	0.0000	550
15	79509756	0.0000	585
15	79510096	0.0000	925
15	79510431	0.0004	1260
15	79510521	0.0004	1350
15	79510944	0.0004	1773
15	79510985	0.0008	1814
15	79511065	0.0004	1894
15	79511525	0.0004	2354
15	79511777	0.0000	2606
15	79511997	0.0000	2826
15	79512108	0.0004	2937
15	79513086	0.0000	3915
15	79513110	0.0008	3939
15	79513802	0.0004	4631
15	79513910	0.0000	4739
15	79513911	0.0000	4740
15	79514079	0.0000	4908
15	79514307	0.0008	5136
15	79514534	20.0000	5363
15	79830257	0.0000	0
15	79830273	0.0000	16
15	79830582	0.0000	325
15	79830695	0.0000	438
15	79831877	0.0000	1620
15	79831894	0.0000	1637
15	79832041	0.0000	1784
15	79832632	0.0012	2375
15	79833209	0.0000	2952
15	79833903	0.0000	3646
15	79833918	0.0000	3661
15	79834241	0.0000	3984
15	79834273	0.0000	4016
15	79835032	0.0000	4775
15	79835571	0.0004	5314
15	79836946	0.0000	6689
15	79837860	0.0000	7603
15	79838702	0.0000	8445
15	79838740	0.0000	8483
15	79839146	0.0000	8889
15	79839350	0.0004	9093
15	79839628	0.0004	9371
15	79839791	22.0000	9534
15	79915585	0.0000	0
15	79915822	0.0000	237
15	79916035	0.0000	450
15	79916832	0.0000	1247
15	79917372	0.0000	1787
15	79917566	0.0000	1981
15	79917690	0.0000	2105
15	79917986	0.0004	2401
15	79918094	0.0000	2509
15	79918103	0.0004	2518
15	79918398	0.0000	2813
15	79919180	0.0004	3595
15	79919261	0.0004	3676
15	79919349	0.0000	3764
15	79919364	0.0004	3779
15	79919554	0.0000	3969
15	79919666	0.0008	4081
15	79919934	0.0000	4349
15	79919938	0.0004	4353
15	79920484	0.0004	4899
15	79920570	0.0008	4985
15	79920614	0.0004	5029
15	79920681	0.0000	5096
15	79920689	0.0004	5104
15	79920707	0.0000	5122
15	79921888	0.0000	6303
15	79921917	0.0008	6332
15	79921943	0.0012	6358
15	79921949	0.0008	6364
15	79922223	0.0004	6638
15	79922320	0.0000	6735
15	79922335	31.0000	6750
15	80355356	0.0000	0
15	80355358	0.0012	2
15	80356111	0.0000	755
15	80356383	0.0000	1027
15	80356401	0.0000	1045
15	80356458	0.0000	1102
15	80356500	0.0000	1144
15	80357304	0.0000	1948
15	80357676	0.0000	2320
15	80357994	0.0000	2638
15	80358090	0.0000	2734
15	80358451	0.0000	3095
15	80358880	0.0000	3524
15	80359068	0.0000	3712
15	80359114	0.0008	3758
15	80359454	0.0000	4098
15	80359621	0.0012	4265
15	80360021	0.0000	4665
15	80360101	0.0000	4745
15	80360304	0.0000	4948
15	80360329	0.0008	4973
15	80360843	0.0008	5487
15	80361216	0.0000	5860
15	80361317	0.0000	5961
15	80361427	24.0000	6071
15	80362903	0.0000	0
15	80362940	0.0000	37
15	80362981	0.0008	78
15	80363155	0.0000	252
15	80363213	0.0000	310
15	80363448	0.0000	545
15	80363461	0.0000	558
15	80363794	0.0000	891
15	80364033	0.0004	1130
15	80364197	0.0004	1294
15	80364377	0.0000	1474
15	80364443	0.0000	1540
15	80364494	0.0000	1591
15	80364708	0.0000	1805
15	80365130	0.0008	2227
15	80365133	0.0008	2230
15	80365246	0.0000	2343
15	80365374	0.0000	2471
15	80365572	0.0000	2669
15	80365651	0.0000	2748
15	80365740	0.0000	2837
15	80365896	0.0000	2993
15	80366274	0.0000	3371
15	80366484	0.0000	3581
15	80366630	0.0000	3727
15	80366729	0.0000	3826
15	80366808	0.0000	3905
15	80366812	0.0000	3909
15	80367418	0.0000	4515
15	80367474	0.0000	4571
15	80367617	0.0000	4714
15	80367795	0.0000	4892
15	80367818	0.0000	4915
15	80368310	0.0000	5407
15	80368581	0.0000	5678
15	80368723	0.0000	5820
15	80368785	0.0000	5882
15	80368889	0.0000	5986
15	80368962	0.0000	6059
15	80369041	0.0000	6138
15	80369225	0.0000	6322
15	80369464	0.0004	6561
15	80369588	0.0004	6685
15	80369899	0.0000	6996
15	80369984	0.0004	7081
15	80370478	45.0000	7575
15	81119231	0.0000	0
15	81119336	0.0000	105
15	81119371	0.0000	140
15	81119493	0.0000	262
15	81119581	0.0000	350
15	81120098	0.0000	867
15	81120413	0.0000	1182
15	81120540	0.0000	1309
15	81120770	0.0012	1539
15	81122272	0.0008	3041
15	81122340	0.0000	3109
15	81123134	0.0000	3903
15	81123135	0.0000	3904
15	81123851	0.0000	4620
15	81124015	0.0000	4784
15	81124028	0.0000	4797
15	81124345	0.0000	5114
15	81124365	0.0000	5134
15	81125066	0.0004	5835
15	81125108	0.0004	5877
15	81125469	0.0000	6238
15	81125638	0.0000	6407
15	81125734	22.0000	6503
15	87018205	0.0008	0
15	87018316	0.0004	111
15	87018489	0.0000	284
15	87018492	0.0004	287
15	87018580	0.0000	375
15	87018754	0.0000	549
15	87018840	0.0000	635
15	87018843	0.0012	638
15	87019124	0.0000	919
15	87019206	0.0004	1001
15	87019389	0.0000	1184
15	87019397	0.0000	1192
15	87019399	0.0004	1194
15	87019624	0.0004	1419
15	87019700	0.0008	1495
15	87019777	0.0000	1572
15	87020226	0.0000	2021
15	87020250	0.0004	2045
15	87020260	0.0000	2055
15	87020363	0.0004	2158
15	87020436	0.0008	2231
15	87020821	0.0004	2616
15	87020880	0.0004	2675
15	87021101	23.0000	2896
15	88967419	0.0004	0
15	88967459	0.0004	40
15	88967671	0.0000	252
15	88967920	0.0000	501
15	88968051	0.0008	632
15	88968106	0.0012	687
15	88968132	0.0008	713
15	88968321	0.0004	902
15	88968490	0.0008	1071
15	88968627	0.0008	1208
15	88969012	0.0004	1593
15	88969023	0.0012	1604
15	88969052	0.0008	1633
15	88969138	0.0000	1719
15	88969271	0.0000	1852
15	88969272	0.0000	1853
15	88969404	0.0000	1985
15	88969422	0.0000	2003
15	88969494	0.0012	2075
15	88969677	0.0012	2258
15	88969723	0.0000	2304
15	88969902	0.0000	2483
15	88970156	0.0000	2737
15	88970369	0.0000	2950
15	88970375	0.0000	2956
15	88970390	0.0000	2971
15	88970410	0.0000	2991
15	88970445	0.0000	3026
15	88970461	0.0000	3042
15	88970465	0.0000	3046
15	88971366	0.0000	3947
15	88971565	0.0000	4146
15	88971593	0.0004	4174
15	88972073	0.0000	4654
15	88972247	0.0000	4828
15	88972326	0.0008	4907
15	88972380	0.0012	4961
15	88972580	37.0000	5161
15	89556391	0.0000	0
15	89556398	0.0004	7
15	89556427	0.0004	36
15	89556519	0.0000	128
15	89556701	0.0004	310
15	89556869	0.0004	478
15	89556903	0.0012	512
15	89557438	0.0004	1047
15	89558020	0.0000	1629
15	89558375	0.0000	1984
15	89558386	0.0004	1995
15	89558686	0.0004	2295
15	89558877	0.0000	2486
15	89558885	0.0000	2494
15	89559283	0.0000	2892
15	89559285	0.0000	2894
15	89559301	0.0000	2910
15	89559560	0.0008	3169
15	89559848	0.0000	3457
15	89560001	0.0012	3610
15	89560653	0.0012	4262
15	89561070	0.0004	4679
15	89561231	0.0000	4840
15	89561337	0.0012	4946
15	89561714	24.0000	5323
15	90333437	0.0000	0
15	90333478	0.0004	41
15	90333576	0.0008	139
15	90333781	0.0000	344
15	90334116	0.0004	679
15	90334508	0.0000	1071
15	90335090	0.0000	1653
15	90335185	0.0000	1748
15	90335461	0.0000	2024
15	90335731	0.0004	2294
15	90336260	0.0000	2823
15	90336313	0.0000	2876
15	90336352	0.0004	2915
15	90336551	0.0004	3114
15	90337211	0.0004	3774
15	90337405	0.0000	3968
15	90337408	0.0008	3971
15	90337668	0.0004	4231
15	90337770	0.0000	4333
15	90338036	0.0000	4599
15	90338077	0.0000	4640
15	90338208	0.0000	4771
15	90338214	0.0000	4777
15	90338358	0.0000	4921
15	90338501	0.0000	5064
15	90338560	0.0000	5123
15	90338649	0.0000	5212
15	90338766	0.0004	5329
15	90338826	0.0008	5389
15	90339169	0.0012	5732
15	90339407	0.0000	5970
15	90339408	0.0004	5971
15	90339627	32.0000	6190
15	90798901	0.0004	0
15	90798920	0.0004	19
15	90799609	0.0000	708
15	90799651	0.0000	750
15	90799926	0.0000	1025
15	90800374	0.0000	1473
15	90800458	0.0000	1557
15	90800462	0.0000	1561
15	90800478	0.0004	1577
15	90800504	0.0004	1603
15	90800573	0.0000	1672
15	90800712	0.0000	1811
15	90800841	0.0000	1940
15	90800945	0.0000	2044
15	90801016	0.0000	2115
15	90801057	0.0000	2156
15	90801436	0.0000	2535
15	90801498	0.0000	2597
15	90801910	0.0004	3009
15	90801926	0.0008	3025
15	90801976	0.0004	3075
15	90802243	0.0000	3342
15	90802294	0.0000	3393
15	90802643	0.0000	3742
15	90802855	0.0000	3954
15	90803148	0.0000	4247
15	90803693	0.0000	4792
15	90803905	0.0000	5004
15	90804711	0.0004	5810
15	90804939	0.0000	6038
15	90805831	0.0000	6930
15	90806033	0.0004	7132
15	90806496	0.0004	7595
15	90806809	33.0000	7908
15	92722611	0.0000	0
15	92722841	0.0000	230
15	92723089	0.0004	478
15	92723826	0.0004	1215
15	92723850	0.0008	1239
15	92723953	0.0004	1342
15	92724313	0.0012	1702
15	92724367	0.0012	1756
15	92724465	0.0000	1854
15	92724514	0.0000	1903
15	92724616	0.0000	2005
15	92724731	0.0000	2120
15	92724909	0.0004	2298
15	92725509	0.0004	2898
15	92725926	0.0000	3315
15	92726568	0.0000	3957
15	92726710	0.0000	4099
15	92727121	0.0004	4510
15	92727308	0.0004	4697
15	92727644	0.0008	5033
15	92728345	20.0000	5734
15	94910806	0.0012	0
15	94910876	0.0008	70
15	94911162	0.0004	356
15	94911291	0.0000	485
15	94911492	0.0000	686
15	94911526	0.0012	720
15	94911687	0.0008	881
15	94911762	0.0000	956
15	94912289	0.0012	1483
15	94912373	0.0008	1567
15	94912490	0.0000	1684
15	94912491	0.0000	1685
15	94912662	0.0004	1856
15	94913030	0.0004	2224
15	94913112	0.0000	2306
15	94913194	0.0000	2388
15	94913203	0.0000	2397
15	94913207	0.0004	2401
15	94913652	0.0000	2846
15	94913845	0.0004	3039
15	94914247	0.0004	3441
15	94914446	0.0000	3640
15	94914762	0.0000	3956
15	94915180	0.0000	4374
15	94915549	0.0004	4743
15	94915624	0.0004	4818
15	94915638	0.0012	4832
15	94915792	0.0008	4986
15	94915815	0.0012	5009
15	94916704	29.0000	5898
15	97811394	0.0008	0
15	97811593	0.0000	199
15	97811627	0.0000	233
15	97811911	0.0000	517
15	97812048	0.0004	654
15	97812470	0.0000	1076
15	97813072	0.0000	1678
15	97813111	0.0004	1717
15	97813325	0.0000	1931
15	97813336	0.0004	1942
15	97813845	0.0000	2451
15	97814021	0.0000	2627
15	97814050	0.0004	2656
15	97814357	0.0000	2963
15	97814563	0.0000	3169
15	97814866	0.0000	3472
15	97815246	0.0000	3852
15	97815340	0.0000	3946
15	97815418	0.0000	4024
15	97815678	0.0000	4284
15	97815753	0.0000	4359
15	97815825	0.0000	4431
15	97815827	0.0000	4433
15	97816298	0.0004	4904
15	97816974	0.0004	5580
15	97817196	0.0000	5802
15	97817199	0.0004	5805
15	97817291	0.0000	5897
15	97817373	28.0000	5979
15	97818277	0.0000	0
15	97818313	0.0004	36
15	97818495	0.0000	218
15	97818805	0.0000	528
15	97818830	0.0000	553
15	97818988	0.0000	711
15	97818992	0.0008	715
15	97819044	0.0008	767
15	97819093	0.0000	816
15	97819168	0.0000	891
15	97819292	0.0000	1015
15	97819402	0.0000	1125
15	97819648	0.0004	1371
15	97821926	0.0000	3649
15	97822087	0.0000	3810
15	97822174	0.0000	3897
15	97822234	0.0000	3957
15	97822387	0.0000	4110
15	97822570	0.0000	4293
15	97822573	0.0004	4296
15	97822894	0.0000	4617
15	97822949	0.0008	4672
15	97823090	0.0000	4813
15	97823190	0.0000	4913
15	97823428	24.0000	5151
15	99268555	0.0000	0
15	99268585	0.0000	30
15	99268628	0.0008	73
15	99269379	0.0008	824
15	99269444	0.0008	889
15	99274068	0.0004	5513
15	99275304	0.0000	6749
15	99275381	0.0004	6826
15	99276036	0.0000	7481
15	99276655	0.0000	8100
15	99277370	0.0000	8815
15	99277629	0.0004	9074
15	99278175	0.0004	9620
15	99278957	0.0000	10402
15	99279891	0.0004	11336
15	99280349	0.0012	11794
15	99280789	0.0000	12234
15	99281905	0.0004	13350
15	99282829	0.0000	14274
15	99283126	0.0000	14571
15	99285109	0.0012	16554
15	99286992	0.0000	18437
15	99287560	0.0000	19005
15	99289481	23.0000	20926
15	99809695	0.0004	0
15	99810832	0.0000	1137
15	99811265	0.0004	1570
15	99811717	0.0004	2022
15	99811965	0.0004	2270
15	99812054	0.0008	2359
15	99812219	0.0004	2524
15	99812245	0.0000	2550
15	99812406	0.0004	2711
15	99812902	0.0008	3207
15	99813481	0.0012	3786
15	99813775	0.0000	4080
15	99814344	0.0000	4649
15	99814363	0.0000	4668
15	99814514	0.0004	4819
15	99814556	0.0004	4861
15	99814776	0.0000	5081
15	99814796	0.0000	5101
15	99815151	0.0000	5456
15	99815578	0.0000	5883
15	99815777	0.0000	6082
15	99815954	0.0004	6259
15	99816324	0.0004	6629
15	99816590	0.0000	6895
15	99816781	0.0000	7086
15	99817258	0.0000	7563
15	99817273	0.0000	7578
15	99817303	0.0000	7608
15	99817573	0.0000	7878
15	99817638	0.0000	7943
15	99817764	0.0000	8069
15	99817788	0.0000	8093
15	99818110	32.0000	8415
15	99855336	0.0000	0
15	99855407	0.0000	71
15	99855598	0.0000	262
15	99855925	0.0000	589
15	99856057	0.0000	721
15	99856283	0.0000	947
15	99856850	0.0000	1514
15	99856978	0.0000	1642
15	99856980	0.0000	1644
15	99857762	0.0000	2426
15	99858679	0.0000	3343
15	99858911	0.0000	3575
15	99858921	0.0004	3585
15	99859117	0.0004	3781
15	99859558	0.0000	4222
15	99859597	0.0000	4261
15	99859821	0.0000	4485
15	99860080	0.0000	4744
15	99860462	0.0008	5126
15	99860465	0.0008	5129
15	99860558	0.0000	5222
15	99860790	0.0000	5454
15	99861744	0.0008	6408
15	99862854	23.0000	7518
15	100077864	0.0000	0
15	100077874	0.0008	10
15	100078040	0.0008	176
15	100078222	0.0000	358
15	100078232	0.0000	368
15	100078249	0.0000	385
15	100078293	0.0000	429
15	100078355	0.0004	491
15	100078519	0.0004	655
15	100078710	0.0000	846
15	100078765	0.0000	901
15	100078766	0.0000	902
15	100078865	0.0000	1001
15	100079054	0.0000	1190
15	100079110	0.0000	1246
15	100079192	0.0000	1328
15	100079195	0.0000	1331
15	100079235	0.0000	1371
15	100079462	0.0000	1598
15	100079464	0.0000	1600
15	100079678	0.0008	1814
15	100079769	0.0008	1905
15	100079777	0.0012	1913
15	100079932	0.0012	2068
15	100080079	0.0000	2215
15	100080237	25.0000	2373
15	100963011	0.0004	0
15	100963119	0.0012	108
15	100963223	0.0004	212
15	100963479	0.0004	468
15	100963558	0.0004	547
15	100963670	0.0004	659
15	100963787	0.0004	776
15	100964115	0.0000	1104
15	100964696	0.0012	1685
15	100964811	0.0004	1800
15	100964821	0.0004	1810
15	100964982	0.0000	1971
15	100965229	0.0000	2218
15	100965390	0.0000	2379
15	100965802	0.0000	2791
15	100965870	0.0008	2859
15	100966130	0.0008	3119
15	100967051	0.0000	4040
15	100967320	0.0000	4309
15	100967417	0.0008	4406
15	100968056	20.0000	5045
