10	2030671	0.0000	0
10	2030753	0.0012	82
10	2030884	0.0012	213
10	2031004	0.0000	333
10	2031401	0.0000	730
10	2031543	0.0000	872
10	2031669	0.0000	998
10	2031733	0.0000	1062
10	2031746	0.0000	1075
10	2031855	0.0000	1184
10	2031885	0.0000	1214
10	2031891	0.0000	1220
10	2032005	0.0000	1334
10	2032197	0.0000	1526
10	2032244	0.0000	1573
10	2032264	0.0004	1593
10	2032607	0.0004	1936
10	2032788	0.0000	2117
10	2033440	0.0004	2769
10	2034059	0.0004	3388
10	2034145	0.0000	3474
10	2034801	0.0000	4130
10	2034940	0.0008	4269
10	2035078	23.0000	4407
10	2055077	0.0004	0
10	2055516	0.0004	439
10	2055559	0.0004	482
10	2055589	0.0004	512
10	2055593	0.0004	516
10	2055629	0.0004	552
10	2055861	0.0000	784
10	2056163	0.0000	1086
10	2056483	0.0000	1406
10	2056846	0.0000	1769
10	2056940	0.0000	1863
10	2057033	0.0004	1956
10	2057105	0.0004	2028
10	2057220	0.0000	2143
10	2057239	0.0000	2162
10	2057291	0.0000	2214
10	2057353	0.0000	2276
10	2057400	0.0000	2323
10	2057654	0.0000	2577
10	2057934	0.0000	2857
10	2058185	0.0000	3108
10	2058494	0.0000	3417
10	2058563	0.0000	3486
10	2059143	0.0000	4066
10	2059154	0.0004	4077
10	2059633	0.0004	4556
10	2059688	0.0000	4611
10	2059773	0.0000	4696
10	2059888	0.0000	4811
10	2059893	0.0004	4816
10	2060064	0.0008	4987
10	2060443	0.0012	5366
10	2061288	0.0004	6211
10	2062278	33.0000	7201
10	2928883	0.0012	0
10	2929213	0.0000	330
10	2929296	0.0000	413
10	2929395	0.0004	512
10	2929554	0.0004	671
10	2929706	0.0000	823
10	2929951	0.0000	1068
10	2929952	0.0000	1069
10	2930069	0.0000	1186
10	2930083	0.0000	1200
10	2930085	0.0000	1202
10	2930199	0.0004	1316
10	2930263	0.0004	1380
10	2930317	0.0004	1434
10	2930375	0.0004	1492
10	2930565	0.0004	1682
10	2930881	0.0000	1998
10	2930897	0.0000	2014
10	2930923	0.0008	2040
10	2931042	0.0000	2159
10	2931077	0.0008	2194
10	2931233	21.0000	2350
10	3012048	0.0000	0
10	3012134	0.0000	86
10	3012136	0.0000	88
10	3012303	0.0000	255
10	3012415	0.0012	367
10	3012630	0.0012	582
10	3012662	0.0000	614
10	3012716	0.0000	668
10	3012808	0.0000	760
10	3012960	0.0000	912
10	3013003	0.0000	955
10	3013209	0.0000	1161
10	3013236	0.0000	1188
10	3013453	0.0000	1405
10	3013489	0.0000	1441
10	3013507	0.0000	1459
10	3013784	0.0000	1736
10	3013852	0.0008	1804
10	3014222	0.0008	2174
10	3014547	0.0000	2499
10	3014594	0.0004	2546
10	3014928	21.0000	2880
10	3923468	0.0000	0
10	3923508	0.0000	40
10	3923530	0.0000	62
10	3923907	0.0000	439
10	3924012	0.0000	544
10	3924327	0.0000	859
10	3924382	0.0000	914
10	3924505	0.0000	1037
10	3924574	0.0000	1106
10	3924677	0.0012	1209
10	3924906	0.0012	1438
10	3925014	0.0000	1546
10	3925073	0.0000	1605
10	3925960	0.0000	2492
10	3925991	0.0000	2523
10	3926431	0.0000	2963
10	3926462	0.0000	2994
10	3926521	0.0000	3053
10	3926722	0.0000	3254
10	3926800	0.0000	3332
10	3926855	0.0008	3387
10	3927043	0.0012	3575
10	3927456	0.0000	3988
10	3927516	0.0000	4048
10	3927870	0.0000	4402
10	3927925	0.0000	4457
10	3927954	26.0000	4486
10	4490327	0.0012	0
10	4490603	0.0004	276
10	4490631	0.0004	304
10	4490840	0.0004	513
10	4491873	0.0000	1546
10	4491925	0.0000	1598
10	4491953	0.0000	1626
10	4492413	0.0008	2086
10	4492779	0.0004	2452
10	4493320	0.0000	2993
10	4493393	0.0000	3066
10	4493431	0.0000	3104
10	4493760	0.0000	3433
10	4493770	0.0000	3443
10	4493926	0.0000	3599
10	4493936	0.0000	3609
10	4493977	0.0000	3650
10	4494012	0.0000	3685
10	4494474	0.0000	4147
10	4494476	0.0004	4149
10	4495087	0.0000	4760
10	4495561	0.0000	5234
10	4496603	0.0000	6276
10	4496748	0.0000	6421
10	4496783	0.0000	6456
10	4496885	0.0000	6558
10	4496938	0.0000	6611
10	4496963	0.0000	6636
10	4496969	28.0000	6642
10	4855240	0.0000	0
10	4855290	0.0000	50
10	4855294	0.0000	54
10	4855323	0.0000	83
10	4855344	0.0000	104
10	4855364	0.0000	124
10	4855405	0.0004	165
10	4855454	0.0004	214
10	4856167	0.0000	927
10	4857147	0.0000	1907
10	4857332	0.0000	2092
10	4857349	0.0000	2109
10	4857478	0.0000	2238
10	4857815	0.0000	2575
10	4857923	0.0000	2683
10	4857946	0.0012	2706
10	4858128	0.0004	2888
10	4860719	0.0012	5479
10	4860995	0.0000	5755
10	4861056	0.0000	5816
10	4861129	0.0000	5889
10	4861132	0.0000	5892
10	4861411	0.0004	6171
10	4861616	0.0004	6376
10	4861766	0.0000	6526
10	4861901	0.0000	6661
10	4862146	0.0004	6906
10	4862613	0.0004	7373
10	4863217	0.0000	7977
10	4863270	29.0000	8030
10	4867147	0.0000	0
10	4867161	0.0000	14
10	4867261	0.0004	114
10	4867355	0.0000	208
10	4867677	0.0000	530
10	4867718	0.0000	571
10	4867836	0.0008	689
10	4867958	0.0004	811
10	4868027	0.0008	880
10	4868151	0.0000	1004
10	4868301	0.0004	1154
10	4868498	0.0004	1351
10	4868561	0.0000	1414
10	4868797	0.0000	1650
10	4868966	0.0000	1819
10	4869407	0.0000	2260
10	4869467	0.0000	2320
10	4869761	0.0000	2614
10	4869872	0.0000	2725
10	4869873	0.0000	2726
10	4869934	0.0000	2787
10	4869977	0.0000	2830
10	4870031	0.0004	2884
10	4870436	0.0000	3289
10	4870459	0.0000	3312
10	4870639	0.0000	3492
10	4870771	0.0000	3624
10	4870823	0.0000	3676
10	4871186	0.0000	4039
10	4871349	0.0000	4202
10	4871857	0.0000	4710
10	4872148	0.0000	5001
10	4872241	0.0000	5094
10	4872341	0.0000	5194
10	4872485	0.0000	5338
10	4873342	35.0000	6195
10	5118421	0.0000	0
10	5118557	0.0000	136
10	5118592	0.0000	171
10	5118627	0.0004	206
10	5118639	0.0008	218
10	5119311	0.0008	890
10	5119508	0.0004	1087
10	5120284	0.0004	1863
10	5120783	0.0000	2362
10	5120795	0.0000	2374
10	5121015	0.0000	2594
10	5121075	0.0004	2654
10	5121811	0.0000	3390
10	5123079	0.0000	4658
10	5123203	0.0000	4782
10	5123332	0.0000	4911
10	5123628	0.0000	5207
10	5124558	0.0004	6137
10	5124715	0.0000	6294
10	5124716	0.0004	6295
10	5125961	0.0004	7540
10	5126008	0.0004	7587
10	5126801	0.0004	8380
10	5126812	0.0000	8391
10	5126934	0.0000	8513
10	5126969	0.0004	8548
10	5126978	0.0000	8557
10	5127151	0.0004	8730
10	5127327	0.0008	8906
10	5127524	0.0012	9103
10	5127616	0.0008	9195
10	5128192	0.0000	9771
10	5128219	0.0004	9798
10	5128421	0.0004	10000
10	5128906	0.0004	10485
10	5128981	0.0000	10560
10	5129070	0.0000	10649
10	5129376	0.0004	10955
10	5129587	0.0004	11166
10	5129726	0.0000	11305
10	5130036	0.0004	11615
10	5130229	0.0004	11808
10	5130313	0.0000	11892
10	5130713	0.0000	12292
10	5130807	0.0004	12386
10	5131087	0.0008	12666
10	5131132	46.0000	12711
10	5131937	0.0004	0
10	5131943	0.0004	6
10	5132297	0.0000	360
10	5132343	0.0004	406
10	5132374	0.0004	437
10	5132375	0.0000	438
10	5132501	0.0000	564
10	5132515	0.0000	578
10	5132602	0.0004	665
10	5132721	0.0008	784
10	5133339	0.0012	1402
10	5134028	0.0000	2091
10	5134038	0.0000	2101
10	5134707	0.0000	2770
10	5135116	0.0000	3179
10	5135365	0.0004	3428
10	5135735	0.0004	3798
10	5136077	0.0008	4140
10	5136323	0.0012	4386
10	5136466	0.0004	4529
10	5136471	0.0004	4534
10	5136502	0.0012	4565
10	5136865	0.0008	4928
10	5137122	0.0004	5185
10	5137170	0.0008	5233
10	5137267	0.0004	5330
10	5137313	0.0000	5376
10	5137325	0.0000	5388
10	5137693	28.0000	5756
10	5209739	0.0008	0
10	5209852	0.0004	113
10	5210768	0.0004	1029
10	5210875	0.0000	1136
10	5210903	0.0000	1164
10	5210939	0.0000	1200
10	5211675	0.0000	1936
10	5212183	0.0000	2444
10	5212225	0.0004	2486
10	5212857	0.0004	3118
10	5212884	0.0000	3145
10	5214309	0.0000	4570
10	5214795	0.0004	5056
10	5214871	0.0004	5132
10	5215134	0.0000	5395
10	5215834	0.0000	6095
10	5218719	0.0000	8980
10	5219138	0.0000	9399
10	5219148	0.0000	9409
10	5219212	0.0000	9473
10	5219293	0.0000	9554
10	5219528	0.0000	9789
10	5219613	0.0000	9874
10	5219866	0.0000	10127
10	5219867	0.0000	10128
10	5219947	0.0000	10208
10	5220056	0.0000	10317
10	5220133	0.0000	10394
10	5220304	0.0000	10565
10	5220527	0.0000	10788
10	5220549	0.0012	10810
10	5220847	0.0012	11108
10	5220859	0.0000	11120
10	5220920	0.0000	11181
10	5220978	0.0000	11239
10	5221060	0.0008	11321
10	5221531	0.0000	11792
10	5221553	0.0000	11814
10	5221739	38.0000	12000
10	5274320	0.0004	0
10	5274583	0.0004	263
10	5274614	0.0008	294
10	5275128	0.0004	808
10	5276328	0.0000	2008
10	5276334	0.0000	2014
10	5276449	0.0000	2129
10	5277002	0.0000	2682
10	5277089	0.0000	2769
10	5277232	0.0000	2912
10	5277435	0.0000	3115
10	5277439	0.0000	3119
10	5277452	0.0000	3132
10	5277670	0.0000	3350
10	5277677	0.0000	3357
10	5277883	0.0000	3563
10	5277919	0.0000	3599
10	5278652	0.0000	4332
10	5279061	0.0000	4741
10	5279087	0.0000	4767
10	5279147	0.0004	4827
10	5279198	0.0004	4878
10	5279312	0.0000	4992
10	5279405	0.0000	5085
10	5279724	0.0000	5404
10	5279802	0.0004	5482
10	5279907	26.0000	5587
10	5843181	0.0008	0
10	5843206	0.0000	25
10	5843209	0.0008	28
10	5843236	0.0008	55
10	5844186	0.0008	1005
10	5844999	0.0008	1818
10	5846095	0.0000	2914
10	5846103	0.0000	2922
10	5846178	0.0000	2997
10	5846464	0.0000	3283
10	5846817	0.0000	3636
10	5846822	0.0000	3641
10	5846913	0.0000	3732
10	5846942	0.0000	3761
10	5847075	0.0000	3894
10	5847123	0.0000	3942
10	5847463	0.0008	4282
10	5851305	0.0004	8124
10	5851439	0.0000	8258
10	5851593	0.0004	8412
10	5851641	20.0000	8460
10	6814968	0.0008	0
10	6815257	0.0008	289
10	6815309	0.0000	341
10	6815345	0.0000	377
10	6815408	0.0000	440
10	6815853	0.0000	885
10	6816132	0.0000	1164
10	6816133	0.0000	1165
10	6816241	0.0000	1273
10	6816349	0.0012	1381
10	6816721	0.0012	1753
10	6816958	0.0000	1990
10	6817029	0.0000	2061
10	6817215	0.0000	2247
10	6817295	0.0000	2327
10	6817300	0.0012	2332
10	6817597	0.0008	2629
10	6817615	0.0004	2647
10	6817882	0.0008	2914
10	6818176	0.0008	3208
10	6818359	20.0000	3391
10	8663935	0.0000	0
10	8665587	0.0004	1652
10	8666360	0.0004	2425
10	8667806	0.0000	3871
10	8667897	0.0000	3962
10	8668474	0.0000	4539
10	8668497	0.0000	4562
10	8668708	0.0000	4773
10	8669209	0.0004	5274
10	8669723	0.0004	5788
10	8669794	0.0000	5859
10	8671024	0.0008	7089
10	8671183	0.0008	7248
10	8671364	0.0000	7429
10	8671963	0.0000	8028
10	8672492	0.0000	8557
10	8673181	0.0000	9246
10	8674121	0.0000	10186
10	8674367	0.0012	10432
10	8674560	0.0008	10625
10	8674674	0.0004	10739
10	8674733	0.0000	10798
10	8675000	0.0000	11065
10	8675049	0.0000	11114
10	8675400	0.0008	11465
10	8675641	0.0000	11706
10	8676148	0.0004	12213
10	8676408	0.0004	12473
10	8676421	0.0000	12486
10	8676986	0.0004	13051
10	8677246	0.0012	13311
10	8677556	0.0012	13621
10	8677571	0.0000	13636
10	8677849	33.0000	13914
10	9304758	0.0004	0
10	9305473	0.0000	715
10	9305650	0.0000	892
10	9305690	0.0000	932
10	9306142	0.0004	1384
10	9306583	0.0000	1825
10	9306619	0.0000	1861
10	9306628	0.0000	1870
10	9306686	0.0000	1928
10	9307539	0.0000	2781
10	9307588	0.0000	2830
10	9307838	0.0000	3080
10	9308064	0.0004	3306
10	9308266	0.0008	3508
10	9308567	0.0004	3809
10	9309008	0.0000	4250
10	9309228	0.0000	4470
10	9309229	0.0000	4471
10	9309307	0.0000	4549
10	9309312	0.0000	4554
10	9309562	0.0000	4804
10	9309891	0.0000	5133
10	9309902	0.0000	5144
10	9310626	0.0000	5868
10	9311118	0.0000	6360
10	9311129	0.0000	6371
10	9311619	0.0004	6861
10	9311867	0.0004	7109
10	9312076	0.0008	7318
10	9312313	0.0008	7555
10	9312616	0.0000	7858
10	9312635	0.0000	7877
10	9312775	0.0012	8017
10	9312875	33.0000	8117
10	9365258	0.0008	0
10	9365655	0.0004	397
10	9365943	0.0000	685
10	9365984	0.0008	726
10	9366107	0.0012	849
10	9366177	0.0012	919
10	9366655	0.0000	1397
10	9367005	0.0000	1747
10	9367034	0.0000	1776
10	9367569	0.0000	2311
10	9367734	0.0000	2476
10	9367807	0.0000	2549
10	9367893	0.0000	2635
10	9367966	0.0000	2708
10	9367967	0.0000	2709
10	9368240	0.0000	2982
10	9368524	0.0008	3266
10	9368533	0.0004	3275
10	9368618	0.0000	3360
10	9368830	0.0004	3572
10	9369087	0.0004	3829
10	9369315	0.0008	4057
10	9370244	0.0004	4986
10	9370473	0.0000	5215
10	9370539	0.0000	5281
10	9370712	0.0000	5454
10	9370713	0.0004	5455
10	9372240	27.0000	6982
10	10096206	0.0000	0
10	10096439	0.0004	233
10	10097756	0.0004	1550
10	10098257	0.0004	2051
10	10098838	0.0000	2632
10	10099291	0.0000	3085
10	10099460	0.0004	3254
10	10099883	0.0004	3677
10	10100905	0.0000	4699
10	10100948	0.0000	4742
10	10102187	0.0000	5981
10	10102403	0.0000	6197
10	10102496	0.0000	6290
10	10103357	0.0000	7151
10	10104269	0.0000	8063
10	10105014	0.0000	8808
10	10105832	0.0004	9626
10	10106465	0.0008	10259
10	10106535	0.0008	10329
10	10107049	0.0000	10843
10	10108577	0.0000	12371
10	10109127	0.0000	12921
10	10109641	0.0000	13435
10	10110282	23.0000	14076
10	11717702	0.0000	0
10	11717905	0.0004	203
10	11718007	0.0004	305
10	11718087	0.0000	385
10	11718092	0.0000	390
10	11718294	0.0000	592
10	11718364	0.0000	662
10	11718459	0.0000	757
10	11718551	0.0004	849
10	11718730	0.0004	1028
10	11718786	0.0000	1084
10	11718794	0.0000	1092
10	11718797	0.0000	1095
10	11718871	0.0004	1169
10	11718957	0.0004	1255
10	11719199	0.0000	1497
10	11719218	0.0000	1516
10	11719234	0.0000	1532
10	11719255	0.0000	1553
10	11719267	0.0000	1565
10	11719286	0.0004	1584
10	11719494	0.0000	1792
10	11719826	0.0000	2124
10	11720017	0.0000	2315
10	11720036	0.0000	2334
10	11720284	0.0000	2582
10	11720398	0.0000	2696
10	11721118	0.0000	3416
10	11721430	0.0000	3728
10	11721474	0.0000	3772
10	11722099	0.0000	4397
10	11722347	0.0000	4645
10	11722432	0.0000	4730
10	11723386	0.0008	5684
10	11724010	34.0000	6308
10	13993042	0.0000	0
10	13993177	0.0000	135
10	13993502	0.0008	460
10	13993837	0.0008	795
10	13994283	0.0000	1241
10	13994340	0.0004	1298
10	13994378	0.0004	1336
10	13994406	0.0004	1364
10	13994490	0.0008	1448
10	13994682	0.0000	1640
10	13994696	0.0000	1654
10	13994955	0.0000	1913
10	13994975	0.0004	1933
10	13994978	0.0004	1936
10	13994979	0.0000	1937
10	13995028	0.0000	1986
10	13995050	0.0000	2008
10	13995057	0.0008	2015
10	13995457	0.0008	2415
10	13995478	0.0008	2436
10	13995485	20.0000	2443
10	15533031	0.0004	0
10	15533160	0.0000	129
10	15533390	0.0000	359
10	15533454	0.0000	423
10	15533539	0.0000	508
10	15533717	0.0004	686
10	15534201	0.0000	1170
10	15534491	0.0000	1460
10	15534759	0.0000	1728
10	15535131	0.0000	2100
10	15535319	0.0004	2288
10	15535560	0.0004	2529
10	15535767	0.0000	2736
10	15535873	0.0012	2842
10	15536126	0.0012	3095
10	15536271	0.0000	3240
10	15536451	0.0004	3420
10	15536553	0.0000	3522
10	15536821	0.0000	3790
10	15536829	0.0000	3798
10	15537021	0.0000	3990
10	15537092	0.0000	4061
10	15537312	0.0000	4281
10	15537513	0.0000	4482
10	15538077	0.0000	5046
10	15538130	0.0000	5099
10	15538377	0.0000	5346
10	15538404	0.0004	5373
10	15539712	28.0000	6681
10	17163887	0.0008	0
10	17164844	0.0008	957
10	17167343	0.0000	3456
10	17167591	0.0000	3704
10	17167615	0.0004	3728
10	17168882	0.0008	4995
10	17170234	0.0008	6347
10	17170865	0.0000	6978
10	17171814	0.0008	7927
10	17171862	0.0008	7975
10	17172436	0.0004	8549
10	17172646	0.0012	8759
10	17176504	0.0012	12617
10	17177242	0.0000	13355
10	17177850	0.0000	13963
10	17178451	0.0000	14564
10	17179431	0.0004	15544
10	17181155	0.0004	17268
10	17181277	0.0004	17390
10	17181314	0.0000	17427
10	17182144	0.0000	18257
10	17183121	0.0000	19234
10	17184164	0.0000	20277
10	17184358	0.0000	20471
10	17184897	0.0000	21010
10	17185075	0.0008	21188
10	17185218	0.0008	21331
10	17185710	0.0000	21823
10	17187014	0.0000	23127
10	17187018	29.0000	23131
10	17369935	0.0000	0
10	17370909	0.0000	974
10	17370957	0.0000	1022
10	17371473	0.0000	1538
10	17371642	0.0000	1707
10	17371908	0.0000	1973
10	17372126	0.0000	2191
10	17372362	0.0000	2427
10	17372431	0.0000	2496
10	17372576	0.0000	2641
10	17372695	0.0000	2760
10	17372759	0.0000	2824
10	17372859	0.0000	2924
10	17373675	0.0000	3740
10	17373753	0.0000	3818
10	17373798	0.0000	3863
10	17374435	0.0000	4500
10	17374638	0.0004	4703
10	17374662	0.0004	4727
10	17374864	0.0000	4929
10	17375331	0.0000	5396
10	17375565	0.0008	5630
10	17375624	0.0008	5689
10	17375796	0.0000	5861
10	17376282	0.0000	6347
10	17376667	0.0000	6732
10	17376695	0.0000	6760
10	17376702	0.0000	6767
10	17376863	0.0004	6928
10	17377828	0.0000	7893
10	17377873	30.0000	7938
10	18922844	0.0000	0
10	18922975	0.0000	131
10	18923112	0.0000	268
10	18923326	0.0000	482
10	18923358	0.0000	514
10	18923397	0.0000	553
10	18923443	0.0000	599
10	18923450	0.0004	606
10	18923488	0.0004	644
10	18923496	0.0004	652
10	18923563	0.0000	719
10	18923571	0.0008	727
10	18924020	0.0004	1176
10	18924290	0.0000	1446
10	18924333	0.0000	1489
10	18924339	0.0000	1495
10	18924429	0.0012	1585
10	18925226	0.0012	2382
10	18925395	0.0000	2551
10	18925531	0.0004	2687
10	18925736	20.0000	2892
10	19458639	0.0004	0
10	19459439	0.0004	800
10	19459453	0.0008	814
10	19459955	0.0000	1316
10	19460088	0.0000	1449
10	19460152	0.0004	1513
10	19460165	0.0012	1526
10	19460339	0.0012	1700
10	19460878	0.0004	2239
10	19461142	0.0000	2503
10	19461350	0.0000	2711
10	19461502	0.0004	2863
10	19462300	0.0000	3661
10	19462305	0.0000	3666
10	19462613	0.0000	3974
10	19462850	0.0000	4211
10	19463038	0.0004	4399
10	19463428	0.0000	4789
10	19463436	0.0000	4797
10	19464031	0.0008	5392
10	19464995	0.0000	6356
10	19465359	0.0004	6720
10	19466776	0.0004	8137
10	19466869	0.0004	8230
10	19467182	0.0008	8543
10	19467508	0.0000	8869
10	19467514	0.0004	8875
10	19468016	0.0000	9377
10	19468120	0.0000	9481
10	19468172	0.0000	9533
10	19468234	0.0000	9595
10	19468329	0.0000	9690
10	19468362	0.0004	9723
10	19468746	0.0004	10107
10	19469392	0.0000	10753
10	19469448	0.0000	10809
10	19469469	0.0004	10830
10	19471906	37.0000	13267
10	20430673	0.0000	0
10	20430801	0.0000	128
10	20431686	0.0012	1013
10	20432909	0.0000	2236
10	20433405	0.0000	2732
10	20433761	0.0004	3088
10	20433835	0.0004	3162
10	20434760	0.0004	4087
10	20435259	0.0012	4586
10	20436021	0.0004	5348
10	20436572	0.0000	5899
10	20436966	0.0004	6293
10	20437309	0.0000	6636
10	20438140	0.0000	7467
10	20438148	0.0000	7475
10	20438149	0.0000	7476
10	20438249	0.0004	7576
10	20438631	0.0008	7958
10	20438661	0.0004	7988
10	20439028	0.0000	8355
10	20439478	0.0004	8805
10	20439585	0.0004	8912
10	20439640	0.0008	8967
10	20440263	0.0004	9590
10	20440525	0.0000	9852
10	20441055	0.0000	10382
10	20441298	0.0000	10625
10	20441904	0.0000	11231
10	20441926	0.0000	11253
10	20441954	0.0000	11281
10	20442025	0.0000	11352
10	20442144	0.0000	11471
10	20442153	0.0004	11480
10	20442716	0.0004	12043
10	20443476	34.0000	12803
10	23399557	0.0000	0
10	23399592	0.0008	35
10	23399722	0.0000	165
10	23399884	0.0000	327
10	23399980	0.0000	423
10	23400086	0.0000	529
10	23400109	0.0004	552
10	23400193	0.0008	636
10	23400413	0.0000	856
10	23400554	0.0000	997
10	23400586	0.0000	1029
10	23400596	0.0000	1039
10	23400657	0.0004	1100
10	23400697	0.0000	1140
10	23400830	0.0000	1273
10	23401173	0.0000	1616
10	23401253	0.0000	1696
10	23401256	0.0000	1699
10	23401267	0.0000	1710
10	23401591	0.0000	2034
10	23401615	0.0000	2058
10	23401651	0.0000	2094
10	23401907	0.0004	2350
10	23402029	0.0008	2472
10	23402112	0.0004	2555
10	23402721	0.0000	3164
10	23403728	0.0000	4171
10	23405410	0.0012	5853
10	23407368	0.0004	7811
10	23407509	0.0000	7952
10	23407812	0.0012	8255
10	23407961	31.0000	8404
10	23433340	0.0004	0
10	23433399	0.0004	59
10	23433410	0.0000	70
10	23433551	0.0000	211
10	23433616	0.0000	276
10	23434021	0.0000	681
10	23434033	0.0000	693
10	23434095	0.0000	755
10	23434148	0.0000	808
10	23434754	0.0000	1414
10	23434806	0.0000	1466
10	23434892	0.0000	1552
10	23435197	0.0000	1857
10	23435214	0.0000	1874
10	23435215	0.0000	1875
10	23435394	0.0004	2054
10	23435574	0.0000	2234
10	23435712	0.0000	2372
10	23435963	0.0004	2623
10	23436133	0.0004	2793
10	23436177	0.0004	2837
10	23436306	21.0000	2966
10	23567831	0.0008	0
10	23568969	0.0008	1138
10	23569480	0.0008	1649
10	23570415	0.0000	2584
10	23570499	0.0000	2668
10	23570540	0.0004	2709
10	23570557	0.0004	2726
10	23571145	0.0000	3314
10	23571307	0.0000	3476
10	23572207	0.0000	4376
10	23572369	0.0000	4538
10	23572416	0.0000	4585
10	23573056	0.0000	5225
10	23573567	0.0000	5736
10	23573781	0.0000	5950
10	23574078	0.0004	6247
10	23575025	0.0008	7194
10	23575086	0.0012	7255
10	23575321	0.0008	7490
10	23576053	0.0000	8222
10	23576085	0.0000	8254
10	23576286	0.0000	8455
10	23576461	0.0000	8630
10	23577021	0.0000	9190
10	23578075	0.0000	10244
10	23578561	0.0000	10730
10	23578604	0.0000	10773
10	23578696	0.0008	10865
10	23578857	0.0008	11026
10	23579436	0.0000	11605
10	23580056	0.0000	12225
10	23580246	0.0000	12415
10	23582272	0.0000	14441
10	23583059	0.0008	15228
10	23584789	0.0000	16958
10	23585947	0.0004	18116
10	23587054	36.0000	19223
10	23588441	0.0000	0
10	23588498	0.0004	57
10	23588596	0.0004	155
10	23588604	0.0008	163
10	23589111	0.0000	670
10	23589718	0.0004	1277
10	23590228	0.0012	1787
10	23591702	0.0000	3261
10	23591994	0.0000	3553
10	23592253	0.0008	3812
10	23593159	0.0012	4718
10	23593290	0.0004	4849
10	23593459	0.0000	5018
10	23593500	0.0000	5059
10	23593619	0.0004	5178
10	23593852	0.0004	5411
10	23594499	0.0004	6058
10	23595453	0.0012	7012
10	23595904	0.0000	7463
10	23597240	0.0008	8799
10	23597416	0.0008	8975
10	23597497	0.0004	9056
10	23597753	0.0008	9312
10	23598110	0.0004	9669
10	23598925	0.0000	10484
10	23599119	0.0000	10678
10	23599296	0.0008	10855
10	23601554	0.0000	13113
10	23601685	0.0000	13244
10	23601996	0.0004	13555
10	23602342	30.0000	13901
10	23724469	0.0004	0
10	23724713	0.0004	244
10	23724754	0.0000	285
10	23725040	0.0000	571
10	23725158	0.0000	689
10	23725298	0.0004	829
10	23725514	0.0004	1045
10	23728288	0.0000	3819
10	23728311	0.0004	3842
10	23728599	0.0004	4130
10	23728682	0.0000	4213
10	23729081	0.0000	4612
10	23729176	0.0000	4707
10	23729377	0.0008	4908
10	23729434	0.0008	4965
10	23729482	0.0000	5013
10	23729571	0.0000	5102
10	23729670	0.0000	5201
10	23729742	0.0000	5273
10	23730021	0.0000	5552
10	23730201	0.0000	5732
10	23730485	0.0008	6016
10	23730517	0.0008	6048
10	23730560	0.0004	6091
10	23730975	0.0000	6506
10	23731846	0.0000	7377
10	23732158	0.0000	7689
10	23732587	0.0000	8118
10	23732720	0.0000	8251
10	23732864	0.0000	8395
10	23733394	0.0000	8925
10	23733603	0.0000	9134
10	23733680	0.0000	9211
10	23733703	0.0008	9234
10	23734269	0.0000	9800
10	23734497	0.0000	10028
10	23734752	0.0000	10283
10	23736419	0.0004	11950
10	23736701	0.0004	12232
10	23736926	0.0000	12457
10	23736943	0.0008	12474
10	23737278	0.0000	12809
10	23737292	0.0008	12823
10	23737646	43.0000	13177
10	23933607	0.0004	0
10	23937399	0.0000	3792
10	23938576	0.0000	4969
10	23939053	0.0000	5446
10	23939080	0.0000	5473
10	23939132	0.0004	5525
10	23939477	0.0000	5870
10	23939611	0.0004	6004
10	23940026	0.0004	6419
10	23940103	0.0008	6496
10	23940439	0.0004	6832
10	23941311	0.0004	7704
10	23941397	0.0004	7790
10	23941467	0.0000	7860
10	23941797	0.0000	8190
10	23942150	0.0000	8543
10	23942317	0.0004	8710
10	23943656	0.0008	10049
10	23943697	0.0000	10090
10	23943771	0.0000	10164
10	23943835	0.0000	10228
10	23943867	0.0000	10260
10	23945441	0.0012	11834
10	23947348	23.0000	13741
10	24382481	0.0012	0
10	24382649	0.0012	168
10	24382811	0.0008	330
10	24383234	0.0012	753
10	24383900	0.0000	1419
10	24384034	0.0000	1553
10	24384300	0.0008	1819
10	24384506	0.0000	2025
10	24384568	0.0000	2087
10	24384680	0.0000	2199
10	24384681	0.0000	2200
10	24384692	0.0000	2211
10	24384738	0.0004	2257
10	24384847	0.0000	2366
10	24384977	0.0004	2496
10	24386305	0.0004	3824
10	24387015	0.0008	4534
10	24388360	0.0012	5879
10	24389098	0.0000	6617
10	24389105	0.0008	6624
10	24390033	0.0000	7552
10	24390100	0.0004	7619
10	24390794	0.0004	8313
10	24390809	0.0004	8328
10	24391210	0.0004	8729
10	24391406	0.0000	8925
10	24391415	0.0004	8934
10	24391448	0.0008	8967
10	24391915	28.0000	9434
10	24922363	0.0004	0
10	24922925	0.0000	562
10	24923059	0.0000	696
10	24923201	0.0004	838
10	24923316	0.0004	953
10	24923516	0.0000	1153
10	24923688	0.0004	1325
10	24923726	0.0004	1363
10	24923979	0.0000	1616
10	24924045	0.0004	1682
10	24924121	0.0004	1758
10	24924199	0.0004	1836
10	24924395	0.0000	2032
10	24924405	0.0008	2042
10	24927221	0.0000	4858
10	24927743	0.0008	5380
10	24927877	0.0012	5514
10	24928409	0.0000	6046
10	24928418	0.0000	6055
10	24928425	0.0004	6062
10	24928491	20.0000	6128
10	25301576	0.0000	0
10	25301615	0.0004	39
10	25302133	0.0000	557
10	25302211	0.0000	635
10	25302224	0.0004	648
10	25302612	0.0000	1036
10	25302750	0.0000	1174
10	25302754	0.0000	1178
10	25302836	0.0000	1260
10	25302971	0.0000	1395
10	25303473	0.0000	1897
10	25303618	0.0000	2042
10	25303661	0.0000	2085
10	25303721	0.0000	2145
10	25303869	0.0000	2293
10	25304126	0.0000	2550
10	25304420	0.0000	2844
10	25304438	0.0000	2862
10	25304453	0.0000	2877
10	25304480	0.0000	2904
10	25304575	0.0000	2999
10	25304612	0.0000	3036
10	25304649	0.0004	3073
10	25304691	0.0008	3115
10	25304696	0.0008	3120
10	25304702	0.0004	3126
10	25304794	0.0000	3218
10	25304864	0.0004	3288
10	25304926	0.0004	3350
10	25305293	0.0000	3717
10	25305730	0.0000	4154
10	25305897	0.0000	4321
10	25306025	0.0000	4449
10	25306031	0.0004	4455
10	25306068	0.0004	4492
10	25306308	0.0000	4732
10	25306421	0.0000	4845
10	25306575	0.0004	4999
10	25307363	0.0004	5787
10	25307561	0.0000	5985
10	25307634	0.0000	6058
10	25307657	0.0000	6081
10	25308380	0.0000	6804
10	25308383	0.0000	6807
10	25308675	0.0000	7099
10	25309087	0.0000	7511
10	25309458	0.0000	7882
10	25309489	0.0000	7913
10	25309555	0.0000	7979
10	25310311	0.0004	8735
10	25310357	0.0012	8781
10	25310791	0.0004	9215
10	25310977	0.0008	9401
10	25311282	0.0008	9706
10	25311457	0.0004	9881
10	25311533	0.0004	9957
10	25311791	0.0008	10215
10	25311932	0.0004	10356
10	25312163	0.0004	10587
10	25312731	0.0008	11155
10	25313019	0.0008	11443
10	25313036	0.0000	11460
10	25313048	0.0012	11472
10	25313064	63.0000	11488
10	25355118	0.0000	0
10	25355225	0.0004	107
10	25355270	0.0000	152
10	25355391	0.0004	273
10	25355719	0.0000	601
10	25355729	0.0000	611
10	25356007	0.0000	889
10	25356247	0.0004	1129
10	25356393	0.0004	1275
10	25356443	0.0000	1325
10	25356616	0.0000	1498
10	25356622	0.0000	1504
10	25356880	0.0000	1762
10	25356891	0.0000	1773
10	25356914	0.0000	1796
10	25357059	0.0004	1941
10	25357082	0.0004	1964
10	25357273	0.0000	2155
10	25357380	0.0000	2262
10	25357430	0.0000	2312
10	25357474	0.0000	2356
10	25357657	0.0000	2539
10	25358089	0.0000	2971
10	25358118	0.0008	3000
10	25358361	0.0008	3243
10	25358785	0.0000	3667
10	25358957	0.0000	3839
10	25358972	0.0000	3854
10	25359334	0.0000	4216
10	25359344	0.0000	4226
10	25359423	0.0000	4305
10	25359606	0.0000	4488
10	25359721	0.0000	4603
10	25359958	0.0000	4840
10	25360204	34.0000	5086
10	25383056	0.0000	0
10	25383153	0.0000	97
10	25383207	0.0000	151
10	25383398	0.0000	342
10	25383435	0.0000	379
10	25383459	0.0000	403
10	25383489	0.0000	433
10	25383548	0.0000	492
10	25383796	0.0008	740
10	25383991	0.0000	935
10	25384909	0.0000	1853
10	25385223	0.0000	2167
10	25385467	0.0000	2411
10	25385500	0.0004	2444
10	25385769	0.0000	2713
10	25386096	0.0000	3040
10	25386195	0.0000	3139
10	25386769	0.0000	3713
10	25386994	0.0000	3938
10	25387052	0.0000	3996
10	25387068	0.0004	4012
10	25387439	0.0004	4383
10	25388580	0.0000	5524
10	25389081	0.0008	6025
10	25389362	0.0008	6306
10	25389399	0.0000	6343
10	25389853	0.0000	6797
10	25390154	0.0000	7098
10	25390180	0.0000	7124
10	25390809	0.0004	7753
10	25391152	0.0004	8096
10	25391239	0.0000	8183
10	25391737	0.0008	8681
10	25391902	0.0012	8846
10	25392342	0.0000	9286
10	25392435	0.0000	9379
10	25393091	0.0004	10035
10	25393366	37.0000	10310
10	25420325	0.0004	0
10	25420588	0.0000	263
10	25420829	0.0000	504
10	25420905	0.0004	580
10	25420931	0.0004	606
10	25421130	0.0000	805
10	25421418	0.0000	1093
10	25421586	0.0000	1261
10	25422650	0.0012	2325
10	25422777	0.0012	2452
10	25423468	0.0000	3143
10	25423543	0.0008	3218
10	25423792	0.0008	3467
10	25424152	0.0004	3827
10	25424174	0.0012	3849
10	25424438	0.0008	4113
10	25424501	0.0004	4176
10	25424795	0.0004	4470
10	25424862	0.0000	4537
10	25425539	0.0004	5214
10	25425653	0.0004	5328
10	25425816	0.0000	5491
10	25425888	0.0008	5563
10	25426330	0.0000	6005
10	25426340	0.0008	6015
10	25426835	0.0000	6510
10	25426939	0.0000	6614
10	25427043	0.0004	6718
10	25427619	0.0004	7294
10	25428165	0.0008	7840
10	25428390	0.0000	8065
10	25429021	0.0000	8696
10	25429104	0.0000	8779
10	25429211	0.0004	8886
10	25429556	0.0012	9231
10	25430493	35.0000	10168
10	25607636	0.0000	0
10	25607714	0.0004	78
10	25608486	0.0004	850
10	25608759	0.0000	1123
10	25609220	0.0008	1584
10	25609463	0.0008	1827
10	25609487	0.0004	1851
10	25610292	0.0004	2656
10	25610505	0.0000	2869
10	25610849	0.0000	3213
10	25611331	0.0000	3695
10	25611411	0.0000	3775
10	25611714	0.0000	4078
10	25611733	0.0000	4097
10	25611876	0.0000	4240
10	25612584	0.0000	4948
10	25612879	0.0004	5243
10	25613551	0.0004	5915
10	25613841	0.0000	6205
10	25614032	0.0000	6396
10	25614033	0.0000	6397
10	25614077	0.0000	6441
10	25615191	0.0000	7555
10	25615639	0.0000	8003
10	25615795	0.0000	8159
10	25616354	0.0000	8718
10	25616394	0.0000	8758
10	25616492	0.0000	8856
10	25616745	0.0000	9109
10	25616947	0.0004	9311
10	25617267	0.0004	9631
10	25617562	0.0000	9926
10	25617700	0.0000	10064
10	25617939	0.0000	10303
10	25618033	0.0000	10397
10	25618200	0.0008	10564
10	25618794	36.0000	11158
10	25883806	0.0000	0
10	25884175	0.0000	369
10	25884183	0.0000	377
10	25884435	0.0000	629
10	25884462	0.0000	656
10	25884618	0.0012	812
10	25884935	0.0008	1129
10	25884956	0.0004	1150
10	25884958	0.0004	1152
10	25885178	0.0000	1372
10	25886199	0.0000	2393
10	25886240	0.0000	2434
10	25886406	0.0000	2600
10	25886538	0.0000	2732
10	25886587	0.0000	2781
10	25886700	0.0000	2894
10	25886707	0.0000	2901
10	25886787	0.0000	2981
10	25886832	0.0000	3026
10	25886996	0.0000	3190
10	25887011	0.0000	3205
10	25887078	0.0000	3272
10	25887452	0.0000	3646
10	25888514	0.0000	4708
10	25888533	0.0000	4727
10	25888719	0.0004	4913
10	25888954	0.0000	5148
10	25889126	0.0004	5320
10	25889209	0.0004	5403
10	25889309	0.0000	5503
10	25889353	0.0000	5547
10	25889423	0.0000	5617
10	25889514	0.0000	5708
10	25889535	0.0000	5729
10	25889649	0.0000	5843
10	25889848	0.0000	6042
10	25889858	36.0000	6052
10	25891016	0.0000	0
10	25891021	0.0000	5
10	25891050	0.0000	34
10	25891072	0.0000	56
10	25891223	0.0000	207
10	25891270	0.0000	254
10	25891344	0.0000	328
10	25891368	0.0000	352
10	25891461	0.0000	445
10	25891526	0.0000	510
10	25891536	0.0000	520
10	25891547	0.0000	531
10	25891582	0.0000	566
10	25891663	0.0000	647
10	25891669	0.0000	653
10	25891673	0.0000	657
10	25891679	0.0008	663
10	25891695	0.0008	679
10	25891717	0.0004	701
10	25892329	0.0004	1313
10	25892333	0.0000	1317
10	25892351	0.0004	1335
10	25892445	0.0004	1429
10	25892573	0.0000	1557
10	25892639	0.0000	1623
10	25892640	0.0000	1624
10	25892677	0.0000	1661
10	25892679	0.0000	1663
10	25892704	0.0000	1688
10	25892715	0.0000	1699
10	25892718	0.0000	1702
10	25892737	0.0000	1721
10	25892780	0.0000	1764
10	25892783	0.0000	1767
10	25892874	0.0000	1858
10	25893337	0.0000	2321
10	25893382	0.0000	2366
10	25893399	0.0004	2383
10	25893438	0.0004	2422
10	25893605	0.0000	2589
10	25893640	0.0000	2624
10	25893734	0.0000	2718
10	25893782	0.0000	2766
10	25893860	0.0000	2844
10	25893869	0.0000	2853
10	25893901	0.0000	2885
10	25893913	0.0000	2897
10	25894120	0.0000	3104
10	25894269	0.0000	3253
10	25894325	0.0000	3309
10	25894329	0.0000	3313
10	25894367	0.0000	3351
10	25894410	0.0000	3394
10	25894480	0.0000	3464
10	25894660	0.0000	3644
10	25894670	0.0000	3654
10	25894819	0.0000	3803
10	25894828	0.0000	3812
10	25895044	0.0008	4028
10	25895402	0.0000	4386
10	25895415	0.0000	4399
10	25895509	0.0004	4493
10	25895679	0.0000	4663
10	25895768	63.0000	4752
10	26056236	0.0000	0
10	26056344	0.0000	108
10	26056487	0.0000	251
10	26056552	0.0000	316
10	26056581	0.0000	345
10	26056661	0.0000	425
10	26056741	0.0000	505
10	26056770	0.0000	534
10	26056978	0.0000	742
10	26057118	0.0000	882
10	26057157	0.0000	921
10	26057161	0.0000	925
10	26057223	0.0000	987
10	26057250	0.0000	1014
10	26057325	0.0000	1089
10	26057386	0.0000	1150
10	26057551	0.0000	1315
10	26057612	0.0000	1376
10	26057716	0.0000	1480
10	26057722	0.0000	1486
10	26057788	0.0000	1552
10	26057851	0.0000	1615
10	26058019	0.0004	1783
10	26058120	0.0000	1884
10	26058126	0.0004	1890
10	26058174	0.0000	1938
10	26058219	0.0000	1983
10	26058335	0.0000	2099
10	26058384	0.0000	2148
10	26058536	0.0000	2300
10	26058605	0.0000	2369
10	26058662	0.0000	2426
10	26058668	0.0000	2432
10	26058934	0.0004	2698
10	26058947	0.0004	2711
10	26059244	0.0000	3008
10	26059452	0.0000	3216
10	26059453	0.0000	3217
10	26059479	0.0000	3243
10	26059601	0.0000	3365
10	26059772	0.0004	3536
10	26059887	0.0004	3651
10	26059892	0.0012	3656
10	26060084	0.0012	3848
10	26060338	0.0000	4102
10	26060361	0.0000	4125
10	26060365	0.0000	4129
10	26060376	0.0008	4140
10	26060439	0.0000	4203
10	26060477	0.0004	4241
10	26060544	0.0004	4308
10	26060659	0.0000	4423
10	26060734	0.0000	4498
10	26060758	0.0000	4522
10	26060951	0.0000	4715
10	26060998	0.0000	4762
10	26061015	0.0004	4779
10	26061053	0.0008	4817
10	26061074	0.0004	4838
10	26061158	0.0000	4922
10	26061172	0.0000	4936
10	26061234	0.0000	4998
10	26061247	0.0000	5011
10	26061422	0.0004	5186
10	26061452	0.0004	5216
10	26061546	0.0000	5310
10	26061599	0.0000	5363
10	26061622	0.0004	5386
10	26061707	0.0004	5471
10	26061811	0.0000	5575
10	26061947	0.0000	5711
10	26061955	0.0000	5719
10	26061957	0.0000	5721
10	26061978	0.0000	5742
10	26062145	0.0000	5909
10	26062211	0.0000	5975
10	26062239	0.0000	6003
10	26062291	0.0004	6055
10	26062377	0.0004	6141
10	26062388	0.0004	6152
10	26062389	0.0004	6153
10	26062424	0.0008	6188
10	26062604	0.0004	6368
10	26062647	0.0004	6411
10	26062698	0.0000	6462
10	26062831	0.0000	6595
10	26062850	0.0000	6614
10	26062963	0.0000	6727
10	26063083	0.0000	6847
10	26063150	0.0000	6914
10	26063258	0.0000	7022
10	26063288	0.0000	7052
10	26063340	0.0000	7104
10	26063341	0.0000	7105
10	26063424	0.0000	7188
10	26063480	0.0000	7244
10	26063747	0.0004	7511
10	26063842	97.0000	7606
10	26064023	0.0000	0
10	26064266	0.0000	243
10	26064318	0.0000	295
10	26064402	0.0000	379
10	26064467	0.0004	444
10	26064663	0.0004	640
10	26064747	0.0000	724
10	26064915	0.0000	892
10	26065067	0.0000	1044
10	26065172	0.0000	1149
10	26065264	0.0000	1241
10	26065305	0.0004	1282
10	26065416	0.0004	1393
10	26065703	0.0000	1680
10	26065725	0.0000	1702
10	26066298	0.0000	2275
10	26066301	0.0000	2278
10	26066343	0.0000	2320
10	26066412	0.0000	2389
10	26066647	0.0000	2624
10	26066792	0.0000	2769
10	26066805	0.0000	2782
10	26066842	0.0000	2819
10	26066933	0.0000	2910
10	26066943	0.0000	2920
10	26066977	0.0000	2954
10	26067085	0.0000	3062
10	26067086	0.0004	3063
10	26067108	0.0004	3085
10	26067137	0.0000	3114
10	26067265	0.0008	3242
10	26067348	0.0012	3325
10	26067751	0.0008	3728
10	26067869	0.0004	3846
10	26068006	0.0000	3983
10	26068128	0.0000	4105
10	26068409	0.0000	4386
10	26068469	0.0000	4446
10	26068521	0.0000	4498
10	26068630	0.0004	4607
10	26068644	0.0004	4621
10	26068696	0.0000	4673
10	26068818	0.0004	4795
10	26068891	0.0004	4868
10	26069042	0.0000	5019
10	26069072	0.0000	5049
10	26069181	0.0000	5158
10	26069212	0.0000	5189
10	26069444	0.0000	5421
10	26069636	0.0000	5613
10	26069645	0.0000	5622
10	26069705	0.0000	5682
10	26069769	0.0000	5746
10	26069943	0.0000	5920
10	26069984	0.0000	5961
10	26070251	0.0000	6228
10	26070714	0.0000	6691
10	26070726	0.0000	6703
10	26070838	0.0000	6815
10	26070856	0.0000	6833
10	26070925	0.0004	6902
10	26071083	0.0004	7060
10	26071198	0.0000	7175
10	26071236	0.0000	7213
10	26071263	0.0000	7240
10	26071390	0.0000	7367
10	26071445	0.0000	7422
10	26071486	0.0000	7463
10	26071517	0.0000	7494
10	26071902	0.0000	7879
10	26071906	0.0012	7883
10	26072070	0.0012	8047
10	26072195	0.0004	8172
10	26072231	0.0004	8208
10	26072301	0.0000	8278
10	26072345	0.0000	8322
10	26072347	0.0000	8324
10	26072382	0.0000	8359
10	26072395	0.0000	8372
10	26072670	0.0000	8647
10	26072757	0.0000	8734
10	26073168	0.0000	9145
10	26073288	0.0000	9265
10	26073297	0.0000	9274
10	26073299	0.0000	9276
10	26073342	0.0000	9319
10	26073397	0.0004	9374
10	26073682	0.0004	9659
10	26073802	0.0004	9779
10	26073843	0.0004	9820
10	26073905	0.0000	9882
10	26074610	91.0000	10587
10	26310812	0.0000	0
10	26311147	0.0000	335
10	26311175	0.0000	363
10	26311296	0.0000	484
10	26311395	0.0000	583
10	26311592	0.0000	780
10	26311620	0.0000	808
10	26311780	0.0000	968
10	26312099	0.0000	1287
10	26312106	0.0000	1294
10	26312114	0.0000	1302
10	26312130	0.0000	1318
10	26312299	0.0000	1487
10	26312380	0.0000	1568
10	26312721	0.0000	1909
10	26312906	0.0000	2094
10	26312944	0.0000	2132
10	26313560	0.0000	2748
10	26313711	0.0000	2899
10	26313811	0.0000	2999
10	26313889	0.0000	3077
10	26313967	0.0000	3155
10	26314009	0.0000	3197
10	26314391	0.0004	3579
10	26314432	0.0000	3620
10	26314453	0.0004	3641
10	26314952	0.0000	4140
10	26315069	0.0000	4257
10	26315140	0.0000	4328
10	26315803	0.0000	4991
10	26315918	0.0004	5106
10	26316512	0.0004	5700
10	26316798	32.0000	5986
10	26417339	0.0008	0
10	26417784	0.0000	445
10	26417811	0.0000	472
10	26417917	0.0000	578
10	26417970	0.0004	631
10	26418323	0.0004	984
10	26418628	0.0008	1289
10	26419001	0.0004	1662
10	26419117	0.0004	1778
10	26419201	0.0000	1862
10	26419219	0.0000	1880
10	26419222	0.0000	1883
10	26419262	0.0000	1923
10	26419268	0.0000	1929
10	26419347	0.0000	2008
10	26419517	0.0000	2178
10	26419631	0.0000	2292
10	26419632	0.0000	2293
10	26419980	0.0000	2641
10	26419989	0.0000	2650
10	26420076	0.0004	2737
10	26420135	0.0004	2796
10	26420462	0.0000	3123
10	26420535	0.0000	3196
10	26420831	0.0004	3492
10	26420971	0.0000	3632
10	26421042	0.0008	3703
10	26421135	0.0008	3796
10	26421141	0.0000	3802
10	26421240	29.0000	3901
10	26440184	0.0000	0
10	26440416	0.0000	232
10	26440539	0.0000	355
10	26441123	0.0000	939
10	26441559	0.0000	1375
10	26441633	0.0000	1449
10	26442027	0.0000	1843
10	26442199	0.0004	2015
10	26442697	0.0004	2513
10	26442905	0.0000	2721
10	26442966	0.0000	2782
10	26443373	0.0000	3189
10	26443598	0.0000	3414
10	26443613	0.0000	3429
10	26443617	0.0000	3433
10	26443890	0.0004	3706
10	26444243	0.0000	4059
10	26444272	0.0000	4088
10	26444426	0.0000	4242
10	26444605	0.0000	4421
10	26444616	0.0004	4432
10	26444662	0.0008	4478
10	26445029	0.0004	4845
10	26445335	0.0000	5151
10	26445397	0.0000	5213
10	26445541	0.0000	5357
10	26445556	0.0000	5372
10	26445689	0.0000	5505
10	26445781	0.0004	5597
10	26445804	0.0000	5620
10	26445947	0.0000	5763
10	26446062	0.0008	5878
10	26446182	0.0008	5998
10	26446231	0.0004	6047
10	26446410	0.0012	6226
10	26446639	0.0008	6455
10	26446956	36.0000	6772
10	26450906	0.0004	0
10	26450942	0.0000	36
10	26451052	0.0000	146
10	26451205	0.0000	299
10	26451276	0.0000	370
10	26451513	0.0000	607
10	26452587	0.0000	1681
10	26452589	0.0000	1683
10	26452698	0.0000	1792
10	26452756	0.0000	1850
10	26452811	0.0000	1905
10	26453280	0.0004	2374
10	26453740	0.0008	2834
10	26453913	0.0004	3007
10	26454001	0.0000	3095
10	26454041	0.0000	3135
10	26454253	0.0008	3347
10	26454271	0.0012	3365
10	26454486	0.0004	3580
10	26454801	0.0012	3895
10	26454995	0.0012	4089
10	26455057	0.0000	4151
10	26455209	0.0012	4303
10	26456236	0.0000	5330
10	26456371	0.0000	5465
10	26456459	0.0008	5553
10	26456712	0.0008	5806
10	26457660	0.0000	6754
10	26457684	0.0000	6778
10	26457722	0.0000	6816
10	26457754	0.0004	6848
10	26457932	0.0004	7026
10	26458136	0.0000	7230
10	26458250	33.0000	7344
10	26685695	0.0000	0
10	26685701	0.0000	6
10	26686069	0.0000	374
10	26686129	0.0000	434
10	26686724	0.0000	1029
10	26686878	0.0000	1183
10	26688541	0.0004	2846
10	26688644	0.0004	2949
10	26688702	0.0000	3007
10	26688794	0.0000	3099
10	26688808	0.0000	3113
10	26689107	0.0000	3412
10	26689181	0.0000	3486
10	26689421	0.0000	3726
10	26689504	0.0000	3809
10	26689514	0.0000	3819
10	26689876	0.0000	4181
10	26689890	0.0004	4195
10	26689957	0.0004	4262
10	26690173	0.0000	4478
10	26690228	0.0000	4533
10	26690298	0.0000	4603
10	26690399	0.0004	4704
10	26690538	0.0000	4843
10	26690562	0.0012	4867
10	26690937	0.0012	5242
10	26691446	0.0004	5751
10	26691948	0.0004	6253
10	26692109	0.0000	6414
10	26692138	0.0000	6443
10	26694215	0.0000	8520
10	26694481	0.0000	8786
10	26694483	0.0000	8788
10	26694674	0.0000	8979
10	26695146	0.0000	9451
10	26695352	0.0012	9657
10	26695867	0.0004	10172
10	26695997	0.0012	10302
10	26696509	38.0000	10814
10	26837884	0.0012	0
10	26837902	0.0012	18
10	26837993	0.0000	109
10	26838046	0.0000	162
10	26838133	0.0000	249
10	26838134	0.0004	250
10	26838234	0.0004	350
10	26838274	0.0012	390
10	26838318	0.0012	434
10	26838336	0.0000	452
10	26838575	0.0000	691
10	26838927	0.0000	1043
10	26839324	0.0000	1440
10	26839706	0.0000	1822
10	26839899	0.0000	2015
10	26839949	0.0000	2065
10	26840177	0.0000	2293
10	26840472	0.0000	2588
10	26840632	0.0000	2748
10	26840661	0.0000	2777
10	26840687	0.0000	2803
10	26840835	0.0000	2951
10	26841435	0.0000	3551
10	26841512	0.0000	3628
10	26841568	0.0000	3684
10	26841971	0.0000	4087
10	26842627	0.0000	4743
10	26842999	0.0004	5115
10	26843722	0.0004	5838
10	26844063	0.0000	6179
10	26844122	0.0000	6238
10	26844752	0.0000	6868
10	26844760	0.0000	6876
10	26844891	0.0000	7007
10	26844910	0.0000	7026
10	26844958	0.0000	7074
10	26846128	0.0004	8244
10	26846137	0.0008	8253
10	26846452	0.0004	8568
10	26846796	39.0000	8912
10	26847404	0.0000	0
10	26847489	0.0000	85
10	26847530	0.0000	126
10	26847961	0.0000	557
10	26848046	0.0000	642
10	26848153	0.0000	749
10	26848264	0.0004	860
10	26848797	0.0008	1393
10	26849226	0.0012	1822
10	26849434	0.0012	2030
10	26849699	0.0000	2295
10	26850034	0.0000	2630
10	26850571	0.0000	3167
10	26850652	0.0000	3248
10	26851482	0.0000	4078
10	26852005	0.0000	4601
10	26852148	0.0000	4744
10	26852465	0.0000	5061
10	26852792	0.0000	5388
10	26852887	0.0000	5483
10	26852888	0.0000	5484
10	26853005	0.0000	5601
10	26853294	0.0000	5890
10	26853415	0.0000	6011
10	26853714	0.0000	6310
10	26853753	0.0000	6349
10	26853869	0.0000	6465
10	26853971	0.0000	6567
10	26854027	0.0000	6623
10	26854055	0.0000	6651
10	26854160	0.0000	6756
10	26854297	0.0000	6893
10	26855026	0.0008	7622
10	26855115	0.0000	7711
10	26855388	0.0004	7984
10	26855624	0.0000	8220
10	26855737	0.0000	8333
10	26855786	0.0012	8382
10	26855949	0.0000	8545
10	26855950	0.0012	8546
10	26857096	40.0000	9692
10	28217173	0.0000	0
10	28217242	0.0000	69
10	28217344	0.0000	171
10	28218178	0.0000	1005
10	28218315	0.0000	1142
10	28218615	0.0000	1442
10	28219139	0.0000	1966
10	28219287	0.0000	2114
10	28220402	0.0000	3229
10	28220820	0.0000	3647
10	28221204	0.0000	4031
10	28222195	0.0000	5022
10	28222247	0.0000	5074
10	28222523	0.0000	5350
10	28222625	0.0012	5452
10	28223317	0.0000	6144
10	28224775	0.0000	7602
10	28224885	0.0000	7712
10	28225266	0.0000	8093
10	28225967	0.0000	8794
10	28226301	0.0008	9128
10	28226542	0.0008	9369
10	28226567	0.0000	9394
10	28226793	0.0000	9620
10	28226796	0.0000	9623
10	28226856	0.0000	9683
10	28227273	0.0000	10100
10	28227274	0.0000	10101
10	28227330	0.0000	10157
10	28227350	0.0000	10177
10	28227600	0.0000	10427
10	28228638	0.0000	11465
10	28229685	0.0000	12512
10	28229746	0.0000	12573
10	28229956	0.0000	12783
10	28230287	0.0000	13114
10	28231065	0.0000	13892
10	28231869	0.0000	14696
10	28232345	38.0000	15172
10	28342560	0.0000	0
10	28342764	0.0000	204
10	28343104	0.0000	544
10	28343108	0.0000	548
10	28343188	0.0000	628
10	28343328	0.0000	768
10	28343560	0.0000	1000
10	28343881	0.0000	1321
10	28344288	0.0000	1728
10	28344295	0.0000	1735
10	28344466	0.0004	1906
10	28344521	0.0004	1961
10	28344533	0.0000	1973
10	28344569	0.0000	2009
10	28344698	0.0000	2138
10	28345165	0.0000	2605
10	28345196	0.0000	2636
10	28345254	0.0000	2694
10	28345310	0.0000	2750
10	28345418	0.0000	2858
10	28345529	0.0000	2969
10	28345841	0.0000	3281
10	28345980	0.0000	3420
10	28346316	0.0000	3756
10	28346387	0.0000	3827
10	28346455	0.0004	3895
10	28347194	0.0004	4634
10	28347374	0.0000	4814
10	28347790	0.0000	5230
10	28348245	29.0000	5685
10	28811830	0.0008	0
10	28811942	0.0008	112
10	28812510	0.0000	680
10	28812722	0.0000	892
10	28812917	0.0000	1087
10	28813057	0.0000	1227
10	28813069	0.0000	1239
10	28813995	0.0000	2165
10	28814218	0.0000	2388
10	28814435	0.0000	2605
10	28814505	0.0000	2675
10	28814638	0.0000	2808
10	28814642	0.0004	2812
10	28814672	0.0000	2842
10	28814693	0.0008	2863
10	28814726	0.0004	2896
10	28814752	0.0008	2922
10	28814793	0.0012	2963
10	28814850	0.0012	3020
10	28814878	0.0012	3048
10	28814991	0.0004	3161
10	28815139	0.0004	3309
10	28815351	0.0004	3521
10	28815528	0.0000	3698
10	28815554	24.0000	3724
10	30208649	0.0000	0
10	30208772	0.0000	123
10	30210033	0.0000	1384
10	30210080	0.0000	1431
10	30210436	0.0004	1787
10	30211225	0.0004	2576
10	30211489	0.0000	2840
10	30211547	0.0004	2898
10	30211905	0.0004	3256
10	30211921	0.0004	3272
10	30211996	0.0000	3347
10	30212001	0.0000	3352
10	30212060	0.0000	3411
10	30212176	0.0000	3527
10	30212178	0.0000	3529
10	30212242	0.0000	3593
10	30212257	0.0000	3608
10	30212290	0.0000	3641
10	30212302	0.0000	3653
10	30212361	0.0000	3712
10	30212379	0.0000	3730
10	30212405	0.0000	3756
10	30212498	0.0000	3849
10	30212746	0.0000	4097
10	30212777	0.0008	4128
10	30213170	0.0004	4521
10	30213551	0.0004	4902
10	30213603	0.0000	4954
10	30213794	28.0000	5145
10	30250867	0.0008	0
10	30251710	0.0008	843
10	30251975	0.0000	1108
10	30252121	0.0000	1254
10	30252612	0.0000	1745
10	30253389	0.0004	2522
10	30253711	0.0000	2844
10	30254389	0.0000	3522
10	30254599	0.0000	3732
10	30254853	0.0000	3986
10	30255011	0.0000	4144
10	30255059	0.0000	4192
10	30255177	0.0000	4310
10	30255995	0.0000	5128
10	30256011	0.0000	5144
10	30256733	0.0008	5866
10	30256780	0.0008	5913
10	30257078	0.0000	6211
10	30257250	0.0000	6383
10	30257741	0.0004	6874
10	30258296	0.0008	7429
10	30258397	0.0008	7530
10	30258423	0.0000	7556
10	30258530	0.0008	7663
10	30260273	0.0008	9406
10	30260492	0.0008	9625
10	30260846	0.0000	9979
10	30260928	0.0008	10061
10	30261480	0.0000	10613
10	30261578	0.0004	10711
10	30261686	30.0000	10819
10	30372709	0.0000	0
10	30373071	0.0000	362
10	30373134	0.0000	425
10	30373795	0.0000	1086
10	30373858	0.0000	1149
10	30373861	0.0000	1152
10	30374183	0.0000	1474
10	30374208	0.0004	1499
10	30374346	0.0004	1637
10	30374439	0.0000	1730
10	30374800	0.0000	2091
10	30374845	0.0000	2136
10	30375272	0.0000	2563
10	30375293	0.0000	2584
10	30375301	0.0000	2592
10	30375422	0.0000	2713
10	30375437	0.0000	2728
10	30375573	0.0000	2864
10	30375609	0.0000	2900
10	30375830	0.0004	3121
10	30375864	0.0008	3155
10	30375955	0.0004	3246
10	30376033	0.0000	3324
10	30376263	23.0000	3554
10	30566468	0.0000	0
10	30566642	0.0000	174
10	30566923	0.0000	455
10	30567053	0.0000	585
10	30567631	0.0004	1163
10	30567754	0.0004	1286
10	30567822	0.0004	1354
10	30567858	0.0004	1390
10	30567869	0.0000	1401
10	30568115	0.0000	1647
10	30568279	0.0000	1811
10	30568752	0.0000	2284
10	30568862	0.0000	2394
10	30568870	0.0008	2402
10	30569163	0.0000	2695
10	30569915	0.0000	3447
10	30569948	0.0000	3480
10	30570086	0.0000	3618
10	30570540	0.0000	4072
10	30570824	0.0000	4356
10	30571182	0.0004	4714
10	30571577	0.0004	5109
10	30571606	0.0000	5138
10	30573030	0.0000	6562
10	30573138	0.0004	6670
10	30573662	25.0000	7194
10	30757422	0.0000	0
10	30757474	0.0000	52
10	30757658	0.0012	236
10	30757968	0.0004	546
10	30757995	0.0000	573
10	30757996	0.0000	574
10	30758192	0.0000	770
10	30758870	0.0000	1448
10	30758897	0.0000	1475
10	30758898	0.0000	1476
10	30758946	0.0000	1524
10	30759230	0.0008	1808
10	30759849	0.0000	2427
10	30759860	0.0000	2438
10	30759893	0.0000	2471
10	30760034	0.0000	2612
10	30760109	0.0000	2687
10	30760139	0.0000	2717
10	30761270	0.0000	3848
10	30761640	0.0000	4218
10	30761749	0.0004	4327
10	30761820	0.0004	4398
10	30761954	0.0000	4532
10	30762742	0.0012	5320
10	30763328	24.0000	5906
10	31158847	0.0000	0
10	31159476	0.0012	629
10	31159890	0.0012	1043
10	31160136	0.0000	1289
10	31160453	0.0008	1606
10	31160596	0.0008	1749
10	31160797	0.0000	1950
10	31160798	0.0000	1951
10	31161124	0.0000	2277
10	31161313	0.0000	2466
10	31161743	0.0000	2896
10	31162853	0.0000	4006
10	31162926	0.0000	4079
10	31163075	0.0008	4228
10	31163180	0.0008	4333
10	31163270	0.0000	4423
10	31163289	0.0000	4442
10	31164125	0.0000	5278
10	31164558	0.0000	5711
10	31164792	0.0000	5945
10	31164807	0.0000	5960
10	31164859	0.0000	6012
10	31164942	0.0000	6095
10	31165447	0.0000	6600
10	31165551	0.0000	6704
10	31165620	0.0000	6773
10	31166225	0.0000	7378
10	31166345	0.0000	7498
10	31166525	0.0000	7678
10	31167163	0.0004	8316
10	31167203	0.0004	8356
10	31167219	0.0000	8372
10	31167247	32.0000	8400
10	32188215	0.0000	0
10	32189725	0.0000	1510
10	32189994	0.0000	1779
10	32190860	0.0000	2645
10	32192182	0.0000	3967
10	32192273	0.0000	4058
10	32192487	0.0000	4272
10	32192656	0.0000	4441
10	32193801	0.0000	5586
10	32193913	0.0000	5698
10	32194025	0.0000	5810
10	32194069	0.0000	5854
10	32194104	0.0000	5889
10	32194531	0.0000	6316
10	32194578	0.0000	6363
10	32194626	0.0000	6411
10	32195462	0.0004	7247
10	32195485	0.0004	7270
10	32195921	0.0000	7706
10	32196094	0.0000	7879
10	32196233	0.0008	8018
10	32197772	0.0000	9557
10	32197967	0.0000	9752
10	32198001	0.0000	9786
10	32198439	0.0000	10224
10	32198505	0.0000	10290
10	32198550	0.0000	10335
10	32198555	0.0000	10340
10	32198746	0.0000	10531
10	32199175	0.0000	10960
10	32199248	30.0000	11033
10	34795152	0.0008	0
10	34795272	0.0008	120
10	34795349	0.0000	197
10	34798048	0.0004	2896
10	34798503	0.0008	3351
10	34798598	0.0012	3446
10	34798637	0.0012	3485
10	34799861	0.0008	4709
10	34803835	0.0000	8683
10	34804656	0.0000	9504
10	34804831	0.0000	9679
10	34805067	0.0000	9915
10	34805095	0.0000	9943
10	34806063	0.0008	10911
10	34806596	0.0000	11444
10	34806659	0.0000	11507
10	34807172	0.0008	12020
10	34807338	0.0000	12186
10	34807488	0.0000	12336
10	34807537	0.0000	12385
10	34807542	0.0000	12390
10	34807644	0.0000	12492
10	34807713	0.0000	12561
10	34807932	0.0000	12780
10	34807983	0.0004	12831
10	34808339	0.0004	13187
10	34808398	0.0008	13246
10	34808460	0.0004	13308
10	34809005	0.0012	13853
10	34809230	0.0000	14078
10	34809405	0.0000	14253
10	34809908	0.0008	14756
10	34810658	32.0000	15506
10	35257683	0.0004	0
10	35257931	0.0008	248
10	35258213	0.0000	530
10	35258247	0.0000	564
10	35258326	0.0000	643
10	35258452	0.0004	769
10	35258667	0.0000	984
10	35258734	0.0000	1051
10	35259143	0.0000	1460
10	35259171	0.0000	1488
10	35259426	0.0008	1743
10	35259652	0.0008	1969
10	35260290	0.0000	2607
10	35260329	0.0000	2646
10	35260678	0.0000	2995
10	35260820	0.0000	3137
10	35260868	0.0000	3185
10	35260889	0.0000	3206
10	35261347	0.0004	3664
10	35261366	0.0004	3683
10	35261395	0.0000	3712
10	35261713	21.0000	4030
10	36122200	0.0000	0
10	36122243	0.0000	43
10	36122591	0.0000	391
10	36122716	0.0000	516
10	36123333	0.0000	1133
10	36123652	0.0000	1452
10	36123818	0.0000	1618
10	36123875	0.0000	1675
10	36123978	0.0000	1778
10	36124075	0.0000	1875
10	36124489	0.0000	2289
10	36124880	0.0000	2680
10	36125003	0.0004	2803
10	36125088	0.0004	2888
10	36125229	0.0008	3029
10	36125718	0.0000	3518
10	36125747	0.0000	3547
10	36126062	0.0000	3862
10	36126223	0.0000	4023
10	36126265	0.0000	4065
10	36126364	0.0008	4164
10	36126543	0.0000	4343
10	36126755	22.0000	4555
10	36564930	0.0004	0
10	36564950	0.0000	20
10	36565265	0.0004	335
10	36565400	0.0004	470
10	36565647	0.0004	717
10	36565740	0.0000	810
10	36566091	0.0000	1161
10	36566679	0.0000	1749
10	36567215	0.0000	2285
10	36567276	0.0000	2346
10	36567555	0.0000	2625
10	36567587	0.0000	2657
10	36567804	0.0000	2874
10	36567814	0.0000	2884
10	36567869	0.0000	2939
10	36568189	0.0000	3259
10	36568215	0.0000	3285
10	36568252	0.0000	3322
10	36568352	0.0000	3422
10	36568473	0.0000	3543
10	36568628	0.0000	3698
10	36568657	0.0000	3727
10	36569048	0.0000	4118
10	36569051	0.0000	4121
10	36569113	0.0000	4183
10	36569114	0.0000	4184
10	36569225	0.0000	4295
10	36569320	0.0000	4390
10	36569344	0.0000	4414
10	36569385	0.0008	4455
10	36569602	0.0004	4672
10	36569662	0.0000	4732
10	36569918	0.0000	4988
10	36569968	0.0000	5038
10	36570052	34.0000	5122
10	36767174	0.0008	0
10	36767407	0.0000	233
10	36767451	0.0000	277
10	36768148	0.0004	974
10	36768259	0.0004	1085
10	36768379	0.0000	1205
10	36768416	0.0000	1242
10	36768608	0.0000	1434
10	36768807	0.0000	1633
10	36768837	0.0000	1663
10	36768960	0.0000	1786
10	36769049	0.0000	1875
10	36769051	0.0000	1877
10	36769135	0.0004	1961
10	36769968	0.0000	2794
10	36769991	0.0004	2817
10	36770223	0.0000	3049
10	36770370	0.0004	3196
10	36770704	0.0004	3530
10	36770708	0.0000	3534
10	36770797	0.0000	3623
10	36770928	0.0000	3754
10	36771204	0.0000	4030
10	36771249	0.0000	4075
10	36771293	0.0000	4119
10	36771358	0.0000	4184
10	36771447	0.0000	4273
10	36771469	0.0000	4295
10	36771475	0.0000	4301
10	36771503	0.0000	4329
10	36771554	0.0000	4380
10	36771840	0.0000	4666
10	36772415	0.0000	5241
10	36772441	0.0000	5267
10	36772720	0.0008	5546
10	36772750	0.0008	5576
10	36772780	0.0012	5606
10	36772995	0.0008	5821
10	36773094	0.0004	5920
10	36773101	0.0000	5927
10	36773125	0.0000	5951
10	36773284	0.0000	6110
10	36773442	0.0000	6268
10	36773742	0.0000	6568
10	36773997	0.0000	6823
10	36774126	0.0000	6952
10	36774305	0.0000	7131
10	36774536	0.0000	7362
10	36774632	0.0000	7458
10	36774902	0.0000	7728
10	36775382	0.0012	8208
10	36775512	0.0004	8338
10	36775513	0.0008	8339
10	36775598	53.0000	8424
10	36894363	0.0000	0
10	36894390	0.0004	27
10	36894504	0.0000	141
10	36894888	0.0000	525
10	36895305	0.0004	942
10	36895760	0.0004	1397
10	36896021	0.0000	1658
10	36896838	0.0000	2475
10	36898427	0.0000	4064
10	36898868	0.0000	4505
10	36899630	0.0008	5267
10	36899946	0.0008	5583
10	36900458	0.0000	6095
10	36900623	0.0008	6260
10	36902850	0.0008	8487
10	36903015	0.0000	8652
10	36903051	0.0012	8688
10	36903229	0.0012	8866
10	36903480	0.0000	9117
10	36903645	0.0000	9282
10	36904303	0.0000	9940
10	36904645	0.0000	10282
10	36904852	0.0008	10489
10	36905767	0.0000	11404
10	36905775	24.0000	11412
10	37565558	0.0008	0
10	37568384	0.0000	2826
10	37569719	0.0000	4161
10	37569783	0.0000	4225
10	37571201	0.0000	5643
10	37571265	0.0008	5707
10	37573196	0.0012	7638
10	37576320	0.0008	10762
10	37576458	0.0000	10900
10	37577621	0.0004	12063
10	37582565	0.0004	17007
10	37583431	0.0000	17873
10	37584350	0.0004	18792
10	37584559	0.0004	19001
10	37584804	0.0000	19246
10	37586759	0.0000	21201
10	37587262	0.0004	21704
10	37587503	0.0004	21945
10	37587774	0.0000	22216
10	37588474	0.0000	22916
10	37594221	0.0000	28663
10	37594412	0.0000	28854
10	37594741	0.0004	29183
10	37596467	0.0004	30909
10	37598154	0.0004	32596
10	37598517	0.0004	32959
10	37598608	0.0004	33050
10	37599202	0.0004	33644
10	37600142	0.0004	34584
10	37600834	0.0004	35276
10	37601096	0.0000	35538
10	37601654	0.0004	36096
10	37602027	0.0000	36469
10	37602648	0.0004	37090
10	37603450	0.0012	37892
10	37603944	0.0000	38386
10	37604016	0.0004	38458
10	37605758	0.0000	40200
10	37607162	0.0000	41604
10	37609032	0.0004	43474
10	37609339	0.0000	43781
10	37610245	0.0008	44687
10	37610359	0.0012	44801
10	37612489	0.0008	46931
10	37614793	0.0000	49235
10	37614989	0.0004	49431
10	37616374	0.0004	50816
10	37618042	0.0004	52484
10	37618767	0.0004	53209
10	37619689	0.0012	54131
10	37622440	0.0012	56882
10	37623831	0.0008	58273
10	37625300	0.0004	59742
10	37627106	0.0000	61548
10	37627367	0.0000	61809
10	37627625	0.0004	62067
10	37629071	0.0000	63513
10	37629112	0.0000	63554
10	37629962	0.0008	64404
10	37631379	0.0000	65821
10	37631384	0.0012	65826
10	37631416	0.0008	65858
10	37633771	0.0004	68213
10	37634255	0.0012	68697
10	37639102	64.0000	73544
10	37643652	0.0000	0
10	37643950	0.0000	298
10	37644668	0.0000	1016
10	37645210	0.0000	1558
10	37647137	0.0000	3485
10	37648249	0.0000	4597
10	37648865	0.0004	5213
10	37652909	0.0000	9257
10	37654286	0.0000	10634
10	37654597	0.0000	10945
10	37655598	0.0004	11946
10	37656854	0.0004	13202
10	37657738	0.0000	14086
10	37661788	0.0000	18136
10	37664875	0.0000	21223
10	37668593	0.0000	24941
10	37668837	0.0000	25185
10	37669716	0.0008	26064
10	37672049	0.0000	28397
10	37672102	0.0000	28450
10	37673364	20.0000	29712
10	38093448	0.0000	0
10	38093564	0.0000	116
10	38093973	0.0000	525
10	38093993	0.0000	545
10	38094219	0.0000	771
10	38094404	0.0000	956
10	38094563	0.0000	1115
10	38094778	0.0000	1330
10	38094865	0.0012	1417
10	38095711	0.0008	2263
10	38097836	0.0000	4388
10	38098367	0.0004	4919
10	38098651	0.0008	5203
10	38098973	0.0004	5525
10	38099937	0.0000	6489
10	38100877	0.0000	7429
10	38100959	0.0004	7511
10	38103194	0.0004	9746
10	38104382	0.0000	10934
10	38104635	0.0000	11187
10	38104910	0.0000	11462
10	38104953	0.0000	11505
10	38105710	0.0000	12262
10	38106387	0.0000	12939
10	38107889	0.0000	14441
10	38108686	0.0000	15238
10	38109042	0.0000	15594
10	38109101	0.0000	15653
10	38109453	0.0000	16005
10	38109785	0.0000	16337
10	38110674	0.0000	17226
10	38110920	0.0004	17472
10	38111226	0.0004	17778
10	38111250	0.0000	17802
10	38111860	0.0000	18412
10	38112489	0.0008	19041
10	38115046	0.0004	21598
10	38117166	0.0000	23718
10	38127461	0.0000	34013
10	38129954	0.0008	36506
10	38130592	0.0008	37144
10	38133983	0.0004	40535
10	38137733	0.0004	44285
10	38137854	0.0000	44406
10	38141368	0.0000	47920
10	38142499	0.0000	49051
10	38145170	0.0000	51722
10	38146033	0.0000	52585
10	38153491	0.0000	60043
10	38153493	0.0004	60045
10	38162958	50.0000	69510
10	42342727	0.0004	0
10	42342788	0.0004	61
10	42342951	0.0000	224
10	42343466	0.0004	739
10	42347162	0.0000	4435
10	42348678	0.0000	5951
10	42349639	0.0000	6912
10	42350901	0.0000	8174
10	42351677	0.0000	8950
10	42353257	0.0000	10530
10	42353723	0.0000	10996
10	42354007	0.0008	11280
10	42354103	0.0008	11376
10	42354226	0.0012	11499
10	42354250	0.0012	11523
10	42356271	0.0000	13544
10	42356286	0.0000	13559
10	42359368	0.0000	16641
10	42362706	0.0004	19979
10	42368298	0.0000	25571
10	42370837	0.0000	28110
10	42370996	21.0000	28269
10	42497094	0.0004	0
10	42497896	0.0000	802
10	42499583	0.0000	2489
10	42499795	0.0000	2701
10	42499850	0.0000	2756
10	42500210	0.0000	3116
10	42500315	0.0000	3221
10	42501132	0.0000	4038
10	42502314	0.0000	5220
10	42502509	0.0008	5415
10	42502714	0.0008	5620
10	42502885	0.0000	5791
10	42503610	0.0008	6516
10	42504188	0.0012	7094
10	42504367	0.0004	7273
10	42504382	0.0000	7288
10	42506343	0.0000	9249
10	42508587	0.0000	11493
10	42509505	0.0004	12411
10	42510095	0.0004	13001
10	42510479	0.0000	13385
10	42511748	0.0004	14654
10	42512365	0.0004	15271
10	42512725	0.0008	15631
10	42512870	0.0004	15776
10	42513694	0.0000	16600
10	42515423	0.0000	18329
10	42517625	0.0004	20531
10	42518364	0.0008	21270
10	42520334	0.0004	23240
10	42523794	0.0000	26700
10	42524187	0.0004	27093
10	42525228	0.0004	28134
10	42525420	0.0004	28326
10	42528381	0.0008	31287
10	42528728	35.0000	31634
10	42842501	0.0012	0
10	42843076	0.0000	575
10	42843137	0.0004	636
10	42843160	0.0008	659
10	42843563	0.0004	1062
10	42843795	0.0000	1294
10	42843895	0.0000	1394
10	42844027	0.0000	1526
10	42844166	0.0000	1665
10	42844391	0.0000	1890
10	42844458	0.0000	1957
10	42844568	0.0000	2067
10	42844597	0.0000	2096
10	42844682	0.0000	2181
10	42844704	0.0000	2203
10	42844822	0.0000	2321
10	42845122	0.0000	2621
10	42845214	0.0004	2713
10	42845657	0.0004	3156
10	42846528	0.0004	4027
10	42847926	0.0000	5425
10	42848798	0.0004	6297
10	42851776	0.0004	9275
10	42851836	0.0012	9335
10	42854878	24.0000	12377
10	43522507	0.0000	0
10	43522508	0.0008	1
10	43522722	0.0008	215
10	43522861	0.0004	354
10	43522981	0.0004	474
10	43523571	0.0000	1064
10	43524494	0.0000	1987
10	43524624	0.0000	2117
10	43525019	0.0012	2512
10	43525227	0.0012	2720
10	43525260	0.0000	2753
10	43525476	0.0000	2969
10	43526384	0.0008	3877
10	43527512	0.0000	5005
10	43527637	0.0000	5130
10	43527738	0.0000	5231
10	43528586	0.0000	6079
10	43529101	0.0000	6594
10	43529509	0.0000	7002
10	43529568	0.0004	7061
10	43529785	0.0008	7278
10	43529786	0.0004	7279
10	43530662	0.0000	8155
10	43530923	0.0000	8416
10	43531014	0.0000	8507
10	43531126	0.0000	8619
10	43531863	0.0000	9356
10	43532234	27.0000	9727
10	44086820	0.0008	0
10	44088919	0.0004	2099
10	44089598	0.0004	2778
10	44090293	0.0000	3473
10	44090324	0.0000	3504
10	44092729	0.0000	5909
10	44092916	0.0000	6096
10	44093924	0.0000	7104
10	44094660	0.0000	7840
10	44095767	0.0000	8947
10	44095774	0.0000	8954
10	44096480	0.0000	9660
10	44096552	0.0004	9732
10	44099325	0.0000	12505
10	44099748	0.0000	12928
10	44099796	0.0000	12976
10	44100304	0.0012	13484
10	44102427	0.0000	15607
10	44103943	0.0008	17123
10	44104244	0.0008	17424
10	44104414	0.0000	17594
10	44106554	0.0000	19734
10	44107460	0.0008	20640
10	44108718	0.0000	21898
10	44108722	0.0000	21902
10	44108729	0.0000	21909
10	44108735	0.0004	21915
10	44108738	0.0012	21918
10	44108750	28.0000	21930
10	44109408	0.0000	0
10	44109679	0.0000	271
10	44109760	0.0004	352
10	44110086	0.0008	678
10	44110316	0.0012	908
10	44110773	0.0000	1365
10	44110917	0.0000	1509
10	44111228	0.0000	1820
10	44111508	0.0000	2100
10	44111978	0.0000	2570
10	44111986	0.0000	2578
10	44112077	0.0000	2669
10	44112190	0.0000	2782
10	44112703	0.0000	3295
10	44112844	0.0000	3436
10	44112845	0.0004	3437
10	44113388	0.0008	3980
10	44114560	0.0000	5152
10	44115026	0.0000	5618
10	44115369	0.0000	5961
10	44116547	0.0000	7139
10	44116985	0.0008	7577
10	44117643	0.0008	8235
10	44117722	0.0000	8314
10	44117769	0.0000	8361
10	44118210	0.0000	8802
10	44118457	0.0000	9049
10	44118555	0.0000	9147
10	44118795	0.0000	9387
10	44121100	0.0000	11692
10	44121671	0.0000	12263
10	44125008	0.0000	15600
10	44125950	0.0000	16542
10	44127338	0.0008	17930
10	44130992	34.0000	21584
10	44566173	0.0004	0
10	44566474	0.0000	301
10	44566475	0.0004	302
10	44566644	0.0008	471
10	44566734	0.0008	561
10	44566803	0.0004	630
10	44566886	0.0004	713
10	44567225	0.0004	1052
10	44567284	0.0004	1111
10	44567310	0.0000	1137
10	44567623	0.0000	1450
10	44567660	0.0000	1487
10	44567881	0.0000	1708
10	44568183	0.0000	2010
10	44569275	0.0004	3102
10	44569316	0.0004	3143
10	44569389	0.0000	3216
10	44569392	0.0000	3219
10	44569469	0.0000	3296
10	44569483	0.0000	3310
10	44569828	0.0000	3655
10	44570672	21.0000	4499
10	46267232	0.0004	0
10	46267340	0.0000	108
10	46267358	0.0004	126
10	46267426	0.0000	194
10	46267462	0.0012	230
10	46267791	0.0000	559
10	46267847	0.0004	615
10	46268079	0.0008	847
10	46268571	0.0012	1339
10	46268580	0.0000	1348
10	46268581	0.0000	1349
10	46268619	0.0004	1387
10	46268626	0.0012	1394
10	46269108	0.0000	1876
10	46269164	0.0000	1932
10	46269171	0.0000	1939
10	46269182	0.0000	1950
10	46269369	0.0000	2137
10	46269490	0.0000	2258
10	46269521	0.0000	2289
10	46269709	0.0000	2477
10	46270038	0.0000	2806
10	46270060	0.0000	2828
10	46270128	0.0000	2896
10	46270221	0.0000	2989
10	46270344	0.0004	3112
10	46270401	0.0012	3169
10	46270428	27.0000	3196
10	46272176	0.0000	0
10	46272236	0.0000	60
10	46272245	0.0000	69
10	46272447	0.0004	271
10	46272462	0.0008	286
10	46272526	0.0004	350
10	46272593	0.0008	417
10	46272628	0.0008	452
10	46272762	0.0000	586
10	46272780	0.0000	604
10	46272781	0.0000	605
10	46273038	0.0000	862
10	46273166	0.0000	990
10	46273237	0.0000	1061
10	46273241	0.0000	1065
10	46273283	0.0000	1107
10	46273320	0.0000	1144
10	46273373	0.0004	1197
10	46273537	0.0000	1361
10	46273545	0.0004	1369
10	46274102	0.0000	1926
10	46274198	0.0000	2022
10	46274408	0.0000	2232
10	46274751	0.0004	2575
10	46275417	0.0004	3241
10	46275515	0.0012	3339
10	46275809	0.0008	3633
10	46276034	0.0008	3858
10	46276920	0.0004	4744
10	46277024	0.0004	4848
10	46277450	0.0004	5274
10	46278352	31.0000	6176
10	46543183	0.0012	0
10	46543510	0.0012	327
10	46544113	0.0000	930
10	46544350	0.0000	1167
10	46544521	0.0004	1338
10	46544543	0.0008	1360
10	46544623	0.0004	1440
10	46544646	0.0000	1463
10	46544915	0.0000	1732
10	46544983	0.0000	1800
10	46544984	0.0000	1801
10	46545255	0.0000	2072
10	46545721	0.0000	2538
10	46546002	0.0000	2819
10	46546367	0.0000	3184
10	46546388	0.0000	3205
10	46546402	0.0000	3219
10	46546440	0.0000	3257
10	46546502	0.0012	3319
10	46546825	0.0012	3642
10	46547482	0.0012	4299
10	46547831	0.0012	4648
10	46548074	0.0000	4891
10	46548113	0.0004	4930
10	46548208	0.0004	5025
10	46548519	0.0000	5336
10	46549070	0.0000	5887
10	46549130	0.0000	5947
10	46549243	0.0000	6060
10	46549296	0.0008	6113
10	46549378	0.0012	6195
10	46549538	0.0008	6355
10	46549870	0.0004	6687
10	46550016	0.0000	6833
10	46550152	0.0000	6969
10	46550419	0.0000	7236
10	46550428	0.0000	7245
10	46550466	0.0004	7283
10	46550618	0.0004	7435
10	46550822	0.0012	7639
10	46551192	0.0012	8009
10	46551583	0.0000	8400
10	46551650	0.0000	8467
10	46551668	0.0000	8485
10	46552694	0.0004	9511
10	46552727	0.0004	9544
10	46553026	0.0004	9843
10	46553137	0.0008	9954
10	46553877	0.0008	10694
10	46554113	0.0004	10930
10	46554693	0.0004	11510
10	46555182	0.0008	11999
10	46555278	52.0000	12095
10	49271779	0.0004	0
10	49272345	0.0000	566
10	49272718	0.0000	939
10	49273376	0.0000	1597
10	49273825	0.0000	2046
10	49274003	0.0000	2224
10	49274537	0.0000	2758
10	49274580	0.0000	2801
10	49274951	0.0000	3172
10	49274998	0.0004	3219
10	49275507	0.0004	3728
10	49275518	0.0004	3739
10	49276062	0.0004	4283
10	49276320	0.0000	4541
10	49276324	0.0000	4545
10	49276780	0.0000	5001
10	49276917	0.0000	5138
10	49276950	0.0000	5171
10	49277065	0.0000	5286
10	49277351	0.0004	5572
10	49277478	20.0000	5699
10	51114649	0.0000	0
10	51114650	0.0012	1
10	51115727	0.0000	1078
10	51115734	0.0000	1085
10	51115752	0.0000	1103
10	51116081	0.0000	1432
10	51116089	0.0004	1440
10	51116291	0.0000	1642
10	51116508	0.0000	1859
10	51116922	0.0000	2273
10	51117034	0.0000	2385
10	51117305	0.0008	2656
10	51118191	0.0000	3542
10	51118279	0.0000	3630
10	51118390	0.0000	3741
10	51118400	0.0012	3751
10	51118964	0.0004	4315
10	51119108	0.0004	4459
10	51119585	0.0004	4936
10	51119929	0.0000	5280
10	51120014	0.0000	5365
10	51120078	0.0008	5429
10	51120149	0.0004	5500
10	51120979	0.0000	6330
10	51121263	0.0004	6614
10	51121437	0.0000	6788
10	51121549	0.0000	6900
10	51121701	0.0004	7052
10	51121823	0.0012	7174
10	51122146	0.0008	7497
10	51122327	30.0000	7678
10	51719327	0.0000	0
10	51719413	0.0000	86
10	51719598	0.0000	271
10	51719718	0.0004	391
10	51719924	0.0004	597
10	51720303	0.0000	976
10	51720355	0.0000	1028
10	51720441	0.0000	1114
10	51720465	0.0004	1138
10	51720868	0.0000	1541
10	51720890	0.0000	1563
10	51720972	0.0008	1645
10	51721224	0.0012	1897
10	51721652	0.0000	2325
10	51721717	0.0000	2390
10	51721798	0.0000	2471
10	51721957	0.0004	2630
10	51722476	0.0004	3149
10	51722974	0.0004	3647
10	51723265	0.0000	3938
10	51723303	0.0000	3976
10	51723338	0.0008	4011
10	51723784	0.0008	4457
10	51723842	23.0000	4515
10	51821159	0.0000	0
10	51821327	0.0012	168
10	51822036	0.0000	877
10	51822282	0.0008	1123
10	51822392	0.0008	1233
10	51822448	0.0000	1289
10	51823540	0.0004	2381
10	51824977	0.0000	3818
10	51825027	0.0000	3868
10	51825366	0.0000	4207
10	51825481	0.0000	4322
10	51826406	0.0000	5247
10	51826622	0.0000	5463
10	51826822	0.0000	5663
10	51827545	0.0000	6386
10	51827615	0.0000	6456
10	51827740	0.0004	6581
10	51827936	0.0012	6777
10	51829143	0.0000	7984
10	51829197	0.0000	8038
10	51829230	0.0000	8071
10	51829266	0.0008	8107
10	51829402	0.0012	8243
10	51829604	0.0004	8445
10	51829923	0.0008	8764
10	51830411	0.0000	9252
10	51832743	0.0004	11584
10	51833171	0.0000	12012
10	51833966	28.0000	12807
10	52066534	0.0000	0
10	52066537	0.0004	3
10	52066545	0.0004	11
10	52066636	0.0000	102
10	52066648	0.0004	114
10	52066669	0.0004	135
10	52066789	0.0008	255
10	52068386	0.0000	1852
10	52068401	0.0000	1867
10	52068523	0.0000	1989
10	52068800	0.0000	2266
10	52068830	0.0000	2296
10	52068845	0.0012	2311
10	52068898	0.0012	2364
10	52069095	0.0000	2561
10	52069106	0.0000	2572
10	52069133	0.0000	2599
10	52069152	0.0000	2618
10	52069286	0.0000	2752
10	52069301	0.0000	2767
10	52069364	0.0000	2830
10	52069393	0.0000	2859
10	52069446	0.0000	2912
10	52069625	0.0000	3091
10	52069638	0.0000	3104
10	52069691	0.0000	3157
10	52069708	0.0008	3174
10	52070497	0.0004	3963
10	52070736	0.0008	4202
10	52070909	0.0008	4375
10	52071213	0.0004	4679
10	52071239	0.0012	4705
10	52072330	0.0000	5796
10	52072450	0.0004	5916
10	52073142	0.0004	6608
10	52073217	0.0012	6683
10	52073463	0.0008	6929
10	52074793	0.0000	8259
10	52075648	0.0008	9114
10	52075700	0.0008	9166
10	52077531	0.0008	10997
10	52077696	0.0004	11162
10	52077797	0.0000	11263
10	52078358	0.0000	11824
10	52078576	0.0000	12042
10	52078774	0.0004	12240
10	52078816	46.0000	12282
10	52799991	0.0000	0
10	52799992	0.0000	1
10	52800053	0.0000	62
10	52800058	0.0000	67
10	52800131	0.0000	140
10	52800150	0.0000	159
10	52800167	0.0000	176
10	52800207	0.0000	216
10	52800292	0.0000	301
10	52800325	0.0000	334
10	52800415	0.0000	424
10	52800433	0.0000	442
10	52800469	0.0000	478
10	52800512	0.0000	521
10	52800525	0.0000	534
10	52800580	0.0008	589
10	52800610	0.0000	619
10	52800611	0.0000	620
10	52800790	0.0000	799
10	52800801	0.0000	810
10	52800817	0.0000	826
10	52800824	0.0000	833
10	52800930	0.0000	939
10	52800950	0.0000	959
10	52800979	0.0004	988
10	52800980	0.0004	989
10	52801047	0.0000	1056
10	52801142	0.0000	1151
10	52801170	0.0000	1179
10	52801188	0.0000	1197
10	52801205	0.0004	1214
10	52801262	0.0000	1271
10	52801274	0.0000	1283
10	52801282	0.0004	1291
10	52801314	0.0000	1323
10	52801319	0.0000	1328
10	52801326	0.0000	1335
10	52801332	0.0000	1341
10	52801346	0.0008	1355
10	52801370	0.0012	1379
10	52801410	0.0000	1419
10	52801433	0.0000	1442
10	52801448	0.0004	1457
10	52801525	0.0000	1534
10	52801547	0.0000	1556
10	52802059	45.0000	2068
10	52802106	0.0000	0
10	52802156	0.0000	50
10	52802171	0.0000	65
10	52802261	0.0004	155
10	52802331	0.0000	225
10	52802345	0.0000	239
10	52802347	0.0000	241
10	52802357	0.0004	251
10	52802393	0.0000	287
10	52802427	0.0000	321
10	52802473	0.0000	367
10	52802541	0.0008	435
10	52802546	0.0008	440
10	52802558	0.0000	452
10	52802596	0.0000	490
10	52802631	0.0000	525
10	52802660	0.0000	554
10	52802673	0.0000	567
10	52802684	0.0000	578
10	52802755	0.0000	649
10	52802879	0.0004	773
10	52803134	0.0004	1028
10	52803201	0.0000	1095
10	52803388	0.0000	1282
10	52803494	0.0000	1388
10	52803531	0.0000	1425
10	52803806	0.0004	1700
10	52803849	0.0004	1743
10	52803885	28.0000	1779
10	52986050	0.0004	0
10	52986221	0.0008	171
10	52986523	0.0012	473
10	52987434	0.0008	1384
10	52990036	0.0008	3986
10	52990347	0.0008	4297
10	52990387	0.0012	4337
10	52990643	0.0000	4593
10	52990832	0.0008	4782
10	52991028	0.0008	4978
10	52991173	0.0000	5123
10	52991396	0.0004	5346
10	52991969	0.0004	5919
10	52993592	0.0000	7542
10	52993828	0.0000	7778
10	52993926	0.0000	7876
10	52994141	0.0000	8091
10	52994383	0.0000	8333
10	52994656	0.0000	8606
10	52994958	0.0000	8908
10	52995037	0.0000	8987
10	52995792	0.0000	9742
10	52995908	0.0000	9858
10	52996178	0.0008	10128
10	52996425	0.0000	10375
10	52996713	0.0008	10663
10	52997129	0.0000	11079
10	52997200	0.0000	11150
10	52997273	0.0000	11223
10	52997292	0.0000	11242
10	52997497	0.0000	11447
10	52997737	0.0000	11687
10	52997963	0.0004	11913
10	52998043	0.0004	11993
10	52998229	0.0008	12179
10	52998350	0.0008	12300
10	52998888	0.0000	12838
10	52999002	0.0000	12952
10	52999003	0.0000	12953
10	52999040	0.0000	12990
10	52999055	0.0000	13005
10	52999074	0.0000	13024
10	52999078	0.0004	13028
10	52999132	0.0004	13082
10	52999238	44.0000	13188
10	53060949	0.0004	0
10	53060959	0.0000	10
10	53061107	0.0004	158
10	53061586	0.0000	637
10	53061944	0.0000	995
10	53061996	0.0000	1047
10	53062097	0.0000	1148
10	53062145	0.0000	1196
10	53062212	0.0000	1263
10	53062368	0.0004	1419
10	53062690	0.0000	1741
10	53062698	0.0004	1749
10	53062743	0.0004	1794
10	53062816	0.0000	1867
10	53062886	0.0000	1937
10	53062965	0.0000	2016
10	53063166	0.0012	2217
10	53063427	0.0008	2478
10	53063694	0.0000	2745
10	53063761	0.0000	2812
10	53063782	0.0008	2833
10	53064142	0.0004	3193
10	53064147	0.0000	3198
10	53064286	0.0000	3337
10	53064548	0.0000	3599
10	53064579	0.0004	3630
10	53065155	0.0004	4206
10	53068957	27.0000	8008
10	53123699	0.0004	0
10	53123709	0.0000	10
10	53123720	0.0000	21
10	53123811	0.0000	112
10	53123817	0.0000	118
10	53123900	0.0000	201
10	53123906	0.0012	207
10	53124025	0.0000	326
10	53124048	0.0000	349
10	53124054	0.0012	355
10	53124151	0.0000	452
10	53124183	0.0000	484
10	53124322	0.0000	623
10	53124329	0.0000	630
10	53124352	0.0000	653
10	53124401	0.0000	702
10	53124405	0.0000	706
10	53124465	0.0004	766
10	53124663	0.0004	964
10	53124699	0.0004	1000
10	53124762	0.0000	1063
10	53124776	0.0004	1077
10	53125013	0.0012	1314
10	53126288	0.0000	2589
10	53128064	0.0004	4365
10	53128772	25.0000	5073
10	53501423	0.0012	0
10	53501585	0.0012	162
10	53501612	0.0004	189
10	53502543	0.0000	1120
10	53502612	0.0000	1189
10	53502684	0.0012	1261
10	53502900	0.0012	1477
10	53502991	0.0000	1568
10	53503552	0.0000	2129
10	53503843	0.0000	2420
10	53504193	0.0004	2770
10	53504696	0.0000	3273
10	53504896	0.0004	3473
10	53505049	0.0000	3626
10	53505157	0.0000	3734
10	53505465	0.0000	4042
10	53505518	0.0000	4095
10	53506059	0.0000	4636
10	53506209	0.0000	4786
10	53506448	0.0000	5025
10	53506616	20.0000	5193
10	53564047	0.0008	0
10	53564288	0.0000	241
10	53564342	0.0000	295
10	53564357	0.0000	310
10	53564368	0.0000	321
10	53564374	0.0004	327
10	53564390	0.0004	343
10	53564543	0.0000	496
10	53564557	0.0000	510
10	53564582	0.0004	535
10	53564653	0.0000	606
10	53564699	0.0000	652
10	53564715	0.0004	668
10	53564991	0.0000	944
10	53564994	0.0004	947
10	53565155	0.0000	1108
10	53565182	0.0000	1135
10	53565183	0.0000	1136
10	53565216	0.0000	1169
10	53565324	0.0004	1277
10	53565623	0.0000	1576
10	53565626	0.0000	1579
10	53565682	0.0000	1635
10	53565869	0.0000	1822
10	53566003	0.0004	1956
10	53566319	0.0000	2272
10	53566475	0.0000	2428
10	53566491	0.0008	2444
10	53566546	0.0004	2499
10	53566572	0.0000	2525
10	53566583	0.0004	2536
10	53566653	0.0000	2606
10	53566668	0.0008	2621
10	53566705	0.0008	2658
10	53566710	0.0004	2663
10	53566903	0.0000	2856
10	53566938	0.0000	2891
10	53566955	0.0004	2908
10	53566977	0.0004	2930
10	53567069	0.0008	3022
10	53567170	0.0000	3123
10	53567194	0.0000	3147
10	53567273	0.0000	3226
10	53567282	0.0000	3235
10	53567304	0.0000	3257
10	53567398	0.0000	3351
10	53567435	0.0000	3388
10	53567766	0.0000	3719
10	53568075	0.0004	4028
10	53568142	0.0008	4095
10	53568428	0.0008	4381
10	53568476	0.0000	4429
10	53568511	0.0004	4464
10	53568528	0.0004	4481
10	53568534	54.0000	4487
