18	1596535	0.0000	0
18	1596888	0.0000	353
18	1597148	0.0000	613
18	1597408	0.0000	873
18	1597902	0.0000	1367
18	1597981	0.0000	1446
18	1598076	0.0000	1541
18	1598182	0.0000	1647
18	1598246	0.0000	1711
18	1598540	0.0000	2005
18	1598808	0.0004	2273
18	1599088	0.0004	2553
18	1599123	0.0000	2588
18	1599149	0.0000	2614
18	1599211	0.0004	2676
18	1599262	0.0004	2727
18	1599380	0.0000	2845
18	1599497	0.0000	2962
18	1600215	0.0000	3680
18	1600944	0.0004	4409
18	1601666	0.0004	5131
18	1602748	0.0000	6213
18	1603405	0.0000	6870
18	1603584	0.0000	7049
18	1603622	0.0000	7087
18	1603736	0.0000	7201
18	1604012	0.0000	7477
18	1604097	0.0000	7562
18	1604257	28.0000	7722
18	1640538	0.0000	0
18	1642252	0.0000	1714
18	1642655	0.0000	2117
18	1645302	0.0000	4764
18	1645344	0.0000	4806
18	1645462	0.0000	4924
18	1646228	0.0000	5690
18	1646450	0.0000	5912
18	1647119	0.0000	6581
18	1647405	0.0000	6867
18	1647552	0.0000	7014
18	1647561	0.0000	7023
18	1648795	0.0000	8257
18	1649141	0.0004	8603
18	1650060	0.0000	9522
18	1651048	0.0000	10510
18	1652062	0.0000	11524
18	1652067	0.0012	11529
18	1652979	0.0012	12441
18	1653197	0.0000	12659
18	1654052	20.0000	13514
18	2716613	0.0004	0
18	2716890	0.0004	277
18	2718267	0.0000	1654
18	2718703	0.0000	2090
18	2719041	0.0000	2428
18	2719854	0.0000	3241
18	2719989	0.0008	3376
18	2724062	0.0004	7449
18	2726241	0.0000	9628
18	2727745	0.0000	11132
18	2727797	0.0000	11184
18	2728688	0.0000	12075
18	2729179	0.0000	12566
18	2730111	0.0004	13498
18	2730206	0.0008	13593
18	2730662	0.0008	14049
18	2732669	0.0000	16056
18	2734202	0.0000	17589
18	2736071	0.0000	19458
18	2736274	0.0000	19661
18	2736525	0.0000	19912
18	2736937	0.0000	20324
18	2737004	0.0000	20391
18	2738261	23.0000	21648
18	5212685	0.0004	0
18	5212725	0.0012	40
18	5213101	0.0000	416
18	5213490	0.0000	805
18	5213880	0.0000	1195
18	5214156	0.0000	1471
18	5214229	0.0000	1544
18	5214233	0.0000	1548
18	5214292	0.0000	1607
18	5214710	0.0000	2025
18	5214924	0.0000	2239
18	5215036	0.0000	2351
18	5215101	0.0000	2416
18	5215276	0.0000	2591
18	5215979	0.0000	3294
18	5215993	0.0004	3308
18	5216125	0.0004	3440
18	5216148	0.0000	3463
18	5216247	0.0000	3562
18	5216433	0.0000	3748
18	5216467	0.0000	3782
18	5216736	0.0004	4051
18	5217061	0.0004	4376
18	5217152	0.0000	4467
18	5217441	0.0000	4756
18	5217445	0.0004	4760
18	5217459	0.0004	4774
18	5219320	0.0000	6635
18	5220276	0.0000	7591
18	5220838	0.0004	8153
18	5221022	0.0000	8337
18	5221027	0.0004	8342
18	5221915	0.0000	9230
18	5222022	0.0000	9337
18	5222426	0.0000	9741
18	5223123	0.0008	10438
18	5223294	0.0012	10609
18	5223383	0.0004	10698
18	5223555	0.0000	10870
18	5224286	0.0000	11601
18	5224410	0.0000	11725
18	5224664	0.0000	11979
18	5226147	0.0000	13462
18	5231483	0.0004	18798
18	5234249	0.0004	21564
18	5235244	0.0000	22559
18	5236316	46.0000	23631
18	5278157	0.0004	0
18	5278317	0.0012	160
18	5278555	0.0000	398
18	5278561	0.0000	404
18	5278896	0.0004	739
18	5279248	0.0004	1091
18	5279930	0.0000	1773
18	5279961	0.0000	1804
18	5280072	0.0000	1915
18	5280797	0.0000	2640
18	5281073	0.0000	2916
18	5281083	0.0004	2926
18	5281620	0.0004	3463
18	5282115	0.0000	3958
18	5282666	0.0000	4509
18	5282769	0.0008	4612
18	5283531	0.0004	5374
18	5284119	0.0004	5962
18	5284124	0.0012	5967
18	5284498	0.0000	6341
18	5284609	0.0000	6452
18	5284875	21.0000	6718
18	6288656	0.0000	0
18	6289384	0.0000	728
18	6289440	0.0000	784
18	6289474	0.0004	818
18	6289677	0.0004	1021
18	6289827	0.0000	1171
18	6290322	0.0000	1666
18	6290383	0.0000	1727
18	6290452	0.0000	1796
18	6290605	0.0000	1949
18	6290678	0.0000	2022
18	6290776	0.0000	2120
18	6290869	0.0000	2213
18	6290886	0.0000	2230
18	6291113	0.0000	2457
18	6291389	0.0000	2733
18	6291427	0.0000	2771
18	6291669	0.0000	3013
18	6291737	0.0000	3081
18	6291883	0.0000	3227
18	6292053	0.0000	3397
18	6292590	0.0000	3934
18	6292643	0.0000	3987
18	6292659	0.0000	4003
18	6292822	0.0000	4166
18	6292825	0.0000	4169
18	6293197	0.0000	4541
18	6293206	0.0004	4550
18	6293262	0.0004	4606
18	6293518	0.0000	4862
18	6293562	0.0004	4906
18	6293704	0.0004	5048
18	6293817	0.0012	5161
18	6293987	0.0012	5331
18	6294048	0.0004	5392
18	6294120	35.0000	5464
18	8644088	0.0004	0
18	8644090	0.0012	2
18	8644401	0.0000	313
18	8644430	0.0000	342
18	8644488	0.0000	400
18	8644505	0.0000	417
18	8644513	0.0004	425
18	8644667	0.0000	579
18	8644673	0.0004	585
18	8644907	0.0008	819
18	8645559	0.0004	1471
18	8645750	0.0000	1662
18	8646058	0.0000	1970
18	8646189	0.0008	2101
18	8646818	0.0004	2730
18	8647092	0.0004	3004
18	8647105	0.0004	3017
18	8647127	0.0008	3039
18	8647309	0.0000	3221
18	8647417	0.0000	3329
18	8647463	0.0004	3375
18	8648068	0.0012	3980
18	8648341	0.0000	4253
18	8648679	0.0000	4591
18	8648723	0.0000	4635
18	8648749	0.0000	4661
18	8648858	0.0004	4770
18	8649027	0.0004	4939
18	8649122	0.0000	5034
18	8649188	0.0004	5100
18	8649264	0.0004	5176
18	8649358	31.0000	5270
18	10379039	0.0000	0
18	10379236	0.0000	197
18	10379437	0.0004	398
18	10379529	0.0008	490
18	10379700	0.0000	661
18	10379706	0.0004	667
18	10380068	0.0000	1029
18	10380324	0.0004	1285
18	10380683	0.0004	1644
18	10381052	0.0000	2013
18	10381400	0.0000	2361
18	10382010	0.0000	2971
18	10382124	0.0008	3085
18	10382133	0.0008	3094
18	10382220	0.0000	3181
18	10382764	0.0000	3725
18	10382778	0.0000	3739
18	10383329	0.0000	4290
18	10383440	0.0004	4401
18	10383777	0.0004	4738
18	10383845	0.0004	4806
18	10384055	0.0004	5016
18	10384230	0.0008	5191
18	10385151	0.0004	6112
18	10385345	0.0000	6306
18	10385360	25.0000	6321
18	10595979	0.0000	0
18	10596015	0.0012	36
18	10596126	0.0008	147
18	10596128	0.0012	149
18	10596223	0.0004	244
18	10596434	0.0000	455
18	10596459	0.0004	480
18	10596539	0.0004	560
18	10596692	0.0004	713
18	10596825	0.0000	846
18	10597474	0.0000	1495
18	10597877	0.0000	1898
18	10597944	0.0000	1965
18	10597973	0.0012	1994
18	10598426	0.0012	2447
18	10598541	0.0000	2562
18	10598656	0.0004	2677
18	10600598	0.0004	4619
18	10601436	0.0004	5457
18	10601686	0.0000	5707
18	10601723	0.0000	5744
18	10601728	0.0000	5749
18	10601738	0.0000	5759
18	10601878	0.0000	5899
18	10602033	0.0000	6054
18	10602181	0.0000	6202
18	10602646	0.0000	6667
18	10602999	0.0000	7020
18	10603104	0.0004	7125
18	10603162	0.0004	7183
18	10603473	0.0004	7494
18	10603674	0.0012	7695
18	10603695	32.0000	7716
18	10648405	0.0008	0
18	10648955	0.0000	550
18	10649127	0.0000	722
18	10649425	0.0000	1020
18	10649439	0.0000	1034
18	10649487	0.0000	1082
18	10649509	0.0000	1104
18	10649805	0.0004	1400
18	10649812	0.0004	1407
18	10649937	0.0004	1532
18	10650014	0.0004	1609
18	10650046	0.0000	1641
18	10650170	0.0000	1765
18	10650478	0.0000	2073
18	10650495	0.0008	2090
18	10650582	0.0008	2177
18	10650655	0.0000	2250
18	10650734	0.0000	2329
18	10650771	0.0000	2366
18	10650802	0.0000	2397
18	10650928	0.0000	2523
18	10651494	0.0000	3089
18	10651623	0.0000	3218
18	10651695	0.0000	3290
18	10651756	0.0004	3351
18	10651761	0.0004	3356
18	10652050	0.0000	3645
18	10652494	0.0004	4089
18	10652611	0.0004	4206
18	10652915	29.0000	4510
18	10795489	0.0004	0
18	10795998	0.0012	509
18	10796213	0.0012	724
18	10796239	0.0000	750
18	10796678	0.0000	1189
18	10797569	0.0000	2080
18	10797644	0.0000	2155
18	10797684	0.0000	2195
18	10797733	0.0000	2244
18	10798304	0.0004	2815
18	10798423	0.0004	2934
18	10798479	0.0000	2990
18	10798680	0.0008	3191
18	10800097	0.0004	4608
18	10801190	0.0000	5701
18	10801726	0.0004	6237
18	10801836	0.0004	6347
18	10801878	0.0000	6389
18	10801949	0.0004	6460
18	10802011	0.0004	6522
18	10802221	20.0000	6732
18	11520185	0.0000	0
18	11520186	0.0000	1
18	11520283	0.0000	98
18	11520476	0.0000	291
18	11520533	0.0000	348
18	11520652	0.0004	467
18	11520720	0.0008	535
18	11520983	0.0000	798
18	11521034	0.0004	849
18	11521109	0.0000	924
18	11521129	0.0000	944
18	11521156	0.0004	971
18	11521839	0.0000	1654
18	11521842	0.0004	1657
18	11521863	0.0004	1678
18	11522204	0.0000	2019
18	11522255	0.0000	2070
18	11522265	0.0004	2080
18	11522533	0.0004	2348
18	11523016	0.0004	2831
18	11523501	0.0004	3316
18	11523557	0.0004	3372
18	11523584	0.0000	3399
18	11523639	0.0000	3454
18	11523643	0.0012	3458
18	11523775	0.0008	3590
18	11523974	0.0004	3789
18	11523991	0.0000	3806
18	11524025	28.0000	3840
18	12128934	0.0000	0
18	12129002	0.0000	68
18	12129115	0.0012	181
18	12129735	0.0012	801
18	12130316	0.0000	1382
18	12130395	0.0000	1461
18	12131166	0.0004	2232
18	12131498	0.0004	2564
18	12132248	0.0004	3314
18	12133731	0.0008	4797
18	12134185	0.0004	5251
18	12135885	0.0008	6951
18	12136627	0.0004	7693
18	12137603	0.0004	8669
18	12137801	0.0004	8867
18	12138505	0.0004	9571
18	12138803	0.0004	9869
18	12139390	0.0000	10456
18	12139440	0.0000	10506
18	12139882	0.0008	10948
18	12140522	0.0004	11588
18	12140985	0.0004	12051
18	12141017	0.0008	12083
18	12141311	23.0000	12377
18	12208375	0.0004	0
18	12208877	0.0000	502
18	12208884	0.0004	509
18	12209184	0.0012	809
18	12209735	0.0008	1360
18	12209897	0.0004	1522
18	12209930	0.0004	1555
18	12209993	0.0000	1618
18	12210066	0.0000	1691
18	12210279	0.0000	1904
18	12210448	0.0000	2073
18	12210942	0.0000	2567
18	12210973	0.0008	2598
18	12211484	0.0008	3109
18	12212424	0.0000	4049
18	12212496	0.0000	4121
18	12212623	0.0000	4248
18	12212772	0.0000	4397
18	12213266	0.0000	4891
18	12213598	0.0000	5223
18	12213755	0.0000	5380
18	12213922	0.0000	5547
18	12215058	0.0000	6683
18	12215509	0.0012	7134
18	12215977	24.0000	7602
18	12597392	0.0008	0
18	12598563	0.0008	1171
18	12600715	0.0004	3323
18	12603802	0.0000	6410
18	12604269	0.0012	6877
18	12606143	0.0000	8751
18	12606810	0.0000	9418
18	12607884	0.0004	10492
18	12609240	0.0008	11848
18	12609950	0.0004	12558
18	12611647	0.0000	14255
18	12612020	0.0000	14628
18	12612346	0.0000	14954
18	12612952	0.0000	15560
18	12613247	0.0000	15855
18	12613443	0.0000	16051
18	12613581	0.0000	16189
18	12613627	0.0000	16235
18	12614926	0.0008	17534
18	12616043	0.0004	18651
18	12616882	0.0004	19490
18	12617158	0.0004	19766
18	12618862	0.0000	21470
18	12619472	0.0000	22080
18	12620339	0.0004	22947
18	12620887	0.0000	23495
18	12621611	0.0000	24219
18	12621660	0.0000	24268
18	12621995	0.0004	24603
18	12622837	0.0008	25445
18	12624268	0.0008	26876
18	12628494	0.0000	31102
18	12628684	0.0000	31292
18	12628761	33.0000	31369
18	13847360	0.0004	0
18	13847380	0.0000	20
18	13847395	0.0008	35
18	13848027	0.0012	667
18	13848148	0.0000	788
18	13848158	0.0000	798
18	13848165	0.0000	805
18	13848250	0.0000	890
18	13848639	0.0008	1279
18	13848883	0.0000	1523
18	13848949	0.0000	1589
18	13848957	0.0000	1597
18	13848980	0.0004	1620
18	13849004	0.0004	1644
18	13849099	0.0004	1739
18	13849259	0.0000	1899
18	13849326	0.0000	1966
18	13849546	0.0000	2186
18	13849587	0.0004	2227
18	13849660	0.0004	2300
18	13849805	0.0000	2445
18	13849838	0.0000	2478
18	13850673	0.0012	3313
18	13852377	0.0000	5017
18	13852420	24.0000	5060
18	14553555	0.0000	0
18	14553558	0.0000	3
18	14553568	0.0000	13
18	14553573	0.0000	18
18	14553578	0.0000	23
18	14553584	0.0004	29
18	14553607	0.0004	52
18	14553626	0.0000	71
18	14553652	0.0000	97
18	14553692	0.0000	137
18	14553714	0.0000	159
18	14553743	0.0000	188
18	14553751	0.0000	196
18	14553761	0.0000	206
18	14553775	0.0000	220
18	14553799	0.0000	244
18	14553830	0.0000	275
18	14553860	0.0000	305
18	14553864	0.0000	309
18	14553865	0.0000	310
18	14553881	0.0004	326
18	14553893	0.0000	338
18	14553899	0.0004	344
18	14553910	0.0000	355
18	14553919	24.0000	364
18	14724546	0.0008	0
18	14726181	0.0004	1635
18	14726359	0.0000	1813
18	14726372	0.0000	1826
18	14726375	0.0008	1829
18	14726438	0.0004	1892
18	14726458	0.0008	1912
18	14726604	0.0000	2058
18	14727430	0.0000	2884
18	14727871	0.0000	3325
18	14727932	0.0000	3386
18	14728385	0.0000	3839
18	14728547	0.0000	4001
18	14728594	0.0000	4048
18	14728882	0.0000	4336
18	14729142	0.0004	4596
18	14729215	0.0004	4669
18	14729316	0.0000	4770
18	14730003	0.0000	5457
18	14730165	0.0000	5619
18	14730255	0.0000	5709
18	14730420	0.0000	5874
18	14730567	0.0000	6021
18	14731205	0.0000	6659
18	14731459	0.0000	6913
18	14731810	0.0004	7264
18	14731929	0.0004	7383
18	14732057	0.0000	7511
18	14732235	0.0000	7689
18	14732671	0.0000	8125
18	14732894	0.0000	8348
18	14732937	0.0004	8391
18	14733180	0.0000	8634
18	14733385	0.0000	8839
18	14733487	0.0012	8941
18	14733977	0.0000	9431
18	14734201	0.0000	9655
18	14734241	0.0004	9695
18	14734335	0.0004	9789
18	14734385	0.0000	9839
18	14734454	0.0000	9908
18	14734901	0.0000	10355
18	14735407	0.0000	10861
18	14735630	0.0000	11084
18	14735685	0.0000	11139
18	14735786	0.0000	11240
18	14735787	0.0000	11241
18	14735851	0.0000	11305
18	14736029	0.0000	11483
18	14736329	0.0000	11783
18	14736446	0.0000	11900
18	14736649	0.0000	12103
18	14736710	0.0000	12164
18	14736784	0.0004	12238
18	14737027	0.0004	12481
18	14737188	0.0000	12642
18	14737423	0.0004	12877
18	14737495	0.0004	12949
18	14737928	0.0000	13382
18	14738049	0.0000	13503
18	14738332	0.0000	13786
18	14738735	0.0000	14189
18	14739406	0.0004	14860
18	14739615	0.0004	15069
18	14739654	0.0000	15108
18	14739949	0.0008	15403
18	14740149	0.0008	15603
18	14740553	0.0000	16007
18	14740591	0.0000	16045
18	14741030	0.0000	16484
18	14741125	0.0000	16579
18	14741212	0.0000	16666
18	14741440	0.0000	16894
18	14741482	0.0000	16936
18	14741612	0.0000	17066
18	14742547	0.0000	18001
18	14742975	0.0000	18429
18	14743081	0.0000	18535
18	14743090	0.0012	18544
18	14743579	0.0000	19033
18	14743821	0.0004	19275
18	14743910	0.0004	19364
18	14744262	0.0000	19716
18	14744515	0.0000	19969
18	14744696	0.0008	20150
18	14745014	0.0012	20468
18	14745127	0.0008	20581
18	14745181	0.0004	20635
18	14745381	0.0000	20835
18	14745444	0.0000	20898
18	14745766	0.0000	21220
18	14745793	0.0000	21247
18	14745880	0.0000	21334
18	14746041	0.0000	21495
18	14746506	0.0000	21960
18	14746547	0.0004	22001
18	14747632	0.0004	23086
18	14748927	97.0000	24381
18	15078714	0.0000	0
18	15078878	0.0000	164
18	15079088	0.0000	374
18	15079167	0.0000	453
18	15079176	0.0000	462
18	15079198	0.0000	484
18	15079250	0.0012	536
18	15079295	0.0012	581
18	15079668	0.0000	954
18	15079709	0.0000	995
18	15080747	0.0000	2033
18	15081500	0.0000	2786
18	15081638	0.0000	2924
18	15081672	0.0000	2958
18	15081685	0.0000	2971
18	15081798	0.0000	3084
18	15082581	0.0000	3867
18	15082790	0.0000	4076
18	15083064	0.0000	4350
18	15083442	0.0000	4728
18	15083484	0.0000	4770
18	15083508	0.0000	4794
18	15083530	0.0000	4816
18	15084213	0.0000	5499
18	15084334	0.0000	5620
18	15084797	0.0000	6083
18	15084836	0.0000	6122
18	15085117	0.0000	6403
18	15085345	0.0004	6631
18	15085452	0.0004	6738
18	15085490	0.0004	6776
18	15085530	0.0004	6816
18	15086244	0.0008	7530
18	15086611	0.0008	7897
18	15086819	0.0000	8105
18	15087184	0.0000	8470
18	15087219	0.0004	8505
18	15087545	0.0000	8831
18	15087546	0.0004	8832
18	15087744	0.0000	9030
18	15087883	0.0004	9169
18	15087929	0.0008	9215
18	15087995	0.0004	9281
18	15088101	0.0000	9387
18	15088698	0.0000	9984
18	15089196	0.0000	10482
18	15089314	0.0000	10600
18	15089430	0.0004	10716
18	15090033	0.0004	11319
18	15090209	0.0000	11495
18	15090248	0.0004	11534
18	15090585	0.0012	11871
18	15090640	0.0000	11926
18	15090644	0.0008	11930
18	15090746	0.0004	12032
18	15090868	0.0004	12154
18	15091123	0.0008	12409
18	15091157	0.0004	12443
18	15091185	58.0000	12471
18	15098792	0.0000	0
18	15099150	0.0004	358
18	15099276	0.0004	484
18	15099398	0.0008	606
18	15099831	0.0008	1039
18	15100207	0.0004	1415
18	15100687	0.0004	1895
18	15100979	0.0000	2187
18	15101027	0.0000	2235
18	15101205	0.0000	2413
18	15101472	0.0000	2680
18	15101574	0.0004	2782
18	15101643	0.0004	2851
18	15101911	0.0000	3119
18	15102513	0.0008	3721
18	15103468	0.0000	4676
18	15103555	0.0000	4763
18	15103640	0.0000	4848
18	15104117	0.0000	5325
18	15104170	0.0012	5378
18	15105368	0.0012	6576
18	15106357	0.0000	7565
18	15106595	0.0000	7803
18	15106728	0.0000	7936
18	15106744	0.0008	7952
18	15106973	0.0000	8181
18	15106978	0.0000	8186
18	15106982	0.0008	8190
18	15107349	0.0000	8557
18	15107411	0.0004	8619
18	15107473	0.0004	8681
18	15107522	0.0004	8730
18	15107534	0.0004	8742
18	15107664	0.0000	8872
18	15107668	0.0000	8876
18	15107750	0.0000	8958
18	15107851	0.0000	9059
18	15107891	0.0000	9099
18	15108113	0.0000	9321
18	15108214	0.0004	9422
18	15108335	0.0004	9543
18	15108541	0.0000	9749
18	15108711	0.0000	9919
18	15108747	0.0000	9955
18	15108834	0.0000	10042
18	15109140	0.0000	10348
18	15109489	0.0000	10697
18	15109933	0.0012	11141
18	15110878	0.0012	12086
18	15111306	0.0004	12514
18	15111728	0.0012	12936
18	15111876	0.0008	13084
18	15112868	0.0000	14076
18	15112963	0.0000	14171
18	15112989	0.0000	14197
18	15113196	0.0000	14404
18	15113211	0.0000	14419
18	15113225	0.0008	14433
18	15113426	0.0008	14634
18	15113753	0.0000	14961
18	15113811	0.0000	15019
18	15113827	0.0000	15035
18	15113885	0.0000	15093
18	15114070	0.0000	15278
18	15114132	0.0004	15340
18	15114667	0.0004	15875
18	15114866	0.0004	16074
18	15115446	0.0004	16654
18	15115555	0.0008	16763
18	15115566	0.0000	16774
18	15115764	0.0004	16972
18	15115842	0.0004	17050
18	15115932	0.0000	17140
18	15116018	0.0000	17226
18	15116095	0.0004	17303
18	15117814	0.0004	19022
18	15117922	0.0008	19130
18	15118204	0.0008	19412
18	15118837	0.0000	20045
18	15118894	0.0000	20102
18	15118944	0.0000	20152
18	15118970	0.0000	20178
18	15119008	0.0000	20216
18	15119033	0.0004	20241
18	15119074	0.0004	20282
18	15119252	0.0000	20460
18	15119259	0.0000	20467
18	15119426	0.0000	20634
18	15119630	0.0000	20838
18	15119918	0.0000	21126
18	15120158	0.0000	21366
18	15120223	0.0004	21431
18	15120843	0.0004	22051
18	15120913	0.0008	22121
18	15121119	0.0000	22327
18	15121867	0.0004	23075
18	15122138	0.0004	23346
18	15122207	0.0000	23415
18	15122231	0.0000	23439
18	15122503	0.0000	23711
18	15123694	0.0000	24902
18	15123815	0.0000	25023
18	15123967	0.0000	25175
18	15124608	0.0000	25816
18	15124889	0.0000	26097
18	15125293	0.0000	26501
18	15125356	0.0008	26564
18	15125393	0.0008	26601
18	15125397	0.0008	26605
18	15125630	0.0008	26838
18	15125892	0.0004	27100
18	15126055	0.0004	27263
18	15126870	0.0004	28078
18	15130159	113.0000	31367
18	15390170	0.0004	0
18	15390219	0.0004	49
18	15390281	0.0000	111
18	15390510	0.0004	340
18	15390528	0.0012	358
18	15390599	0.0008	429
18	15391088	0.0000	918
18	15391106	0.0004	936
18	15391155	0.0008	985
18	15391190	0.0004	1020
18	15391224	0.0000	1054
18	15391353	0.0000	1183
18	15391460	0.0000	1290
18	15391461	0.0000	1291
18	15391544	0.0000	1374
18	15391552	0.0000	1382
18	15391620	0.0000	1450
18	15391955	0.0000	1785
18	15391977	0.0000	1807
18	15392093	0.0008	1923
18	15392177	0.0008	2007
18	15392717	0.0004	2547
18	15392735	0.0000	2565
18	15392788	0.0004	2618
18	15392908	0.0000	2738
18	15392931	0.0004	2761
18	15392953	0.0004	2783
18	15392980	0.0000	2810
18	15392987	0.0012	2817
18	15393305	29.0000	3135
18	22619813	0.0000	0
18	22620371	0.0000	558
18	22620435	0.0000	622
18	22620617	0.0000	804
18	22620816	0.0000	1003
18	22621314	0.0000	1501
18	22621564	0.0004	1751
18	22621568	0.0004	1755
18	22621579	0.0000	1766
18	22621587	0.0000	1774
18	22621643	0.0000	1830
18	22621716	0.0000	1903
18	22621798	0.0004	1985
18	22621948	0.0012	2135
18	22622170	0.0012	2357
18	22622922	0.0000	3109
18	22624304	0.0000	4491
18	22624610	0.0000	4797
18	22625285	0.0000	5472
18	22626839	0.0004	7026
18	22628823	0.0000	9010
18	22631165	0.0000	11352
18	22638163	0.0000	18350
18	22638904	0.0000	19091
18	22639824	0.0000	20011
18	22639928	0.0000	20115
18	22641524	0.0004	21711
18	22644329	0.0008	24516
18	22645284	0.0008	25471
18	22646460	0.0000	26647
18	22649076	0.0004	29263
18	22649706	0.0008	29893
18	22650424	0.0004	30611
18	22650558	0.0012	30745
18	22654358	0.0000	34545
18	22654373	0.0000	34560
18	22655718	0.0008	35905
18	22660423	0.0012	40610
18	22661388	0.0012	41575
18	22664027	0.0000	44214
18	22665261	0.0008	45448
18	22667240	41.0000	47427
18	24849713	0.0000	0
18	24851594	0.0000	1881
18	24852034	0.0000	2321
18	24852202	0.0000	2489
18	24852335	0.0000	2622
18	24852359	0.0000	2646
18	24852543	0.0000	2830
18	24852631	0.0008	2918
18	24852923	0.0012	3210
18	24853248	0.0004	3535
18	24853580	0.0004	3867
18	24853588	0.0008	3875
18	24853849	0.0004	4136
18	24853941	0.0000	4228
18	24853977	0.0000	4264
18	24854563	0.0000	4850
18	24854922	0.0008	5209
18	24855177	0.0008	5464
18	24855189	0.0000	5476
18	24855197	0.0000	5484
18	24855200	0.0000	5487
18	24855305	0.0000	5592
18	24855700	0.0004	5987
18	24855746	0.0004	6033
18	24855767	0.0004	6054
18	24855844	0.0004	6131
18	24856359	0.0004	6646
18	24857224	0.0004	7511
18	24857406	0.0000	7693
18	24857411	0.0000	7698
18	24857434	30.0000	7721
18	28220205	0.0004	0
18	28221271	0.0004	1066
18	28221334	0.0004	1129
18	28221440	0.0000	1235
18	28221741	0.0000	1536
18	28221934	0.0000	1729
18	28222275	0.0000	2070
18	28222459	0.0000	2254
18	28222474	0.0004	2269
18	28222659	0.0004	2454
18	28222762	0.0004	2557
18	28222783	0.0004	2578
18	28222803	0.0000	2598
18	28222804	0.0008	2599
18	28223074	0.0000	2869
18	28223095	0.0000	2890
18	28223106	0.0000	2901
18	28223776	0.0000	3571
18	28223820	0.0000	3615
18	28223877	0.0000	3672
18	28223922	0.0008	3717
18	28224201	0.0008	3996
18	28224326	0.0000	4121
18	28224422	0.0004	4217
18	28224759	0.0000	4554
18	28224772	0.0008	4567
18	28224881	0.0004	4676
18	28225092	0.0008	4887
18	28225542	0.0012	5337
18	28225972	0.0012	5767
18	28226404	0.0000	6199
18	28226715	0.0008	6510
18	28226834	0.0008	6629
18	28227288	0.0000	7083
18	28227336	0.0000	7131
18	28227651	0.0000	7446
18	28227710	0.0000	7505
18	28227740	0.0000	7535
18	28227741	0.0000	7536
18	28227774	0.0000	7569
18	28228227	0.0000	8022
18	28228397	0.0000	8192
18	28228563	0.0004	8358
18	28228598	0.0004	8393
18	28228722	0.0000	8517
18	28228792	0.0000	8587
18	28228895	0.0000	8690
18	28228906	0.0000	8701
18	28228917	0.0000	8712
18	28228987	0.0000	8782
18	28229112	0.0000	8907
18	28229784	0.0000	9579
18	28229842	0.0000	9637
18	28230088	0.0000	9883
18	28230113	0.0000	9908
18	28230114	0.0000	9909
18	28230268	0.0000	10063
18	28230353	0.0000	10148
18	28230872	0.0000	10667
18	28231985	0.0000	11780
18	28232188	0.0000	11983
18	28232389	61.0000	12184
18	28268534	0.0000	0
18	28268542	0.0000	8
18	28268552	0.0000	18
18	28268693	0.0000	159
18	28268697	0.0000	163
18	28268854	0.0000	320
18	28269016	0.0000	482
18	28269164	0.0000	630
18	28269374	0.0000	840
18	28269414	0.0004	880
18	28269927	0.0004	1393
18	28270228	0.0004	1694
18	28270529	0.0004	1995
18	28270813	0.0000	2279
18	28270859	0.0000	2325
18	28271156	0.0000	2622
18	28272049	0.0000	3515
18	28272132	0.0004	3598
18	28272229	0.0004	3695
18	28272948	0.0000	4414
18	28274217	0.0000	5683
18	28275471	0.0000	6937
18	28275628	0.0004	7094
18	28275877	0.0004	7343
18	28276837	0.0000	8303
18	28276867	25.0000	8333
18	28557521	0.0012	0
18	28557711	0.0012	190
18	28557869	0.0004	348
18	28559175	0.0000	1654
18	28561037	0.0012	3516
18	28561602	0.0004	4081
18	28562023	0.0000	4502
18	28565759	0.0004	8238
18	28566117	0.0000	8596
18	28566321	0.0012	8800
18	28567569	0.0000	10048
18	28568271	0.0012	10750
18	28568580	0.0000	11059
18	28569034	0.0000	11513
18	28569159	0.0000	11638
18	28569607	0.0012	12086
18	28570352	0.0000	12831
18	28571078	0.0000	13557
18	28572200	0.0000	14679
18	28573093	0.0000	15572
18	28573389	0.0004	15868
18	28574739	0.0000	17218
18	28574755	22.0000	17234
18	28658812	0.0008	0
18	28660092	0.0000	1280
18	28662607	0.0000	3795
18	28663082	0.0000	4270
18	28665132	0.0000	6320
18	28665266	0.0000	6454
18	28665564	0.0000	6752
18	28666596	0.0000	7784
18	28668390	0.0012	9578
18	28668544	0.0012	9732
18	28668923	0.0004	10111
18	28669018	0.0000	10206
18	28669304	0.0008	10492
18	28669846	0.0004	11034
18	28670522	0.0000	11710
18	28670805	0.0012	11993
18	28671104	0.0012	12292
18	28671825	0.0000	13013
18	28671908	0.0000	13096
18	28672149	0.0012	13337
18	28673151	0.0012	14339
18	28673199	0.0004	14387
18	28673474	0.0004	14662
18	28674108	0.0008	15296
18	28674301	0.0012	15489
18	28674703	25.0000	15891
18	28782953	0.0004	0
18	28784521	0.0000	1568
18	28784595	0.0008	1642
18	28785582	0.0000	2629
18	28786980	0.0000	4027
18	28787697	0.0000	4744
18	28787979	0.0008	5026
18	28791874	0.0012	8921
18	28792204	0.0012	9251
18	28793371	0.0000	10418
18	28794470	0.0000	11517
18	28794518	0.0012	11565
18	28795012	0.0012	12059
18	28798873	0.0012	15920
18	28798907	0.0012	15954
18	28799936	0.0000	16983
18	28801132	0.0012	18179
18	28801338	0.0012	18385
18	28802042	0.0000	19089
18	28802909	0.0000	19956
18	28803145	0.0000	20192
18	28805025	0.0000	22072
18	28805634	0.0012	22681
18	28805772	0.0000	22819
18	28806508	24.0000	23555
18	28818686	0.0000	0
18	28820395	0.0000	1709
18	28820618	0.0000	1932
18	28820845	0.0000	2159
18	28821913	0.0000	3227
18	28823525	0.0000	4839
18	28823529	0.0000	4843
18	28825101	0.0000	6415
18	28826878	0.0000	8192
18	28826881	0.0004	8195
18	28827237	0.0004	8551
18	28827850	0.0000	9164
18	28828043	0.0000	9357
18	28828220	0.0000	9534
18	28828300	0.0000	9614
18	28828682	0.0000	9996
18	28828752	0.0000	10066
18	28829201	0.0000	10515
18	28829365	0.0000	10679
18	28830923	0.0000	12237
18	28831529	0.0000	12843
18	28833656	0.0004	14970
18	28834723	0.0004	16037
18	28835763	23.0000	17077
18	28837538	0.0012	0
18	28838767	0.0004	1229
18	28839415	0.0000	1877
18	28841828	0.0000	4290
18	28842033	0.0000	4495
18	28842748	0.0000	5210
18	28842811	0.0000	5273
18	28843360	0.0004	5822
18	28843862	0.0004	6324
18	28845006	0.0000	7468
18	28845029	0.0000	7491
18	28846295	0.0012	8757
18	28846335	0.0012	8797
18	28846364	0.0000	8826
18	28846481	0.0000	8943
18	28847447	0.0000	9909
18	28847655	0.0000	10117
18	28848084	0.0000	10546
18	28848517	0.0000	10979
18	28848848	0.0000	11310
18	28848941	0.0000	11403
18	28848994	0.0000	11456
18	28849925	0.0000	12387
18	28850566	0.0000	13028
18	28850709	0.0000	13171
18	28850726	0.0000	13188
18	28850730	0.0000	13192
18	28850865	0.0008	13327
18	28851248	28.0000	13710
18	28939553	0.0000	0
18	28940090	0.0000	537
18	28940159	0.0000	606
18	28941067	0.0000	1514
18	28941111	0.0000	1558
18	28941232	0.0000	1679
18	28943192	0.0000	3639
18	28943278	0.0000	3725
18	28943828	0.0000	4275
18	28944233	0.0000	4680
18	28944235	0.0000	4682
18	28944248	0.0000	4695
18	28944292	0.0000	4739
18	28944445	0.0000	4892
18	28944552	0.0000	4999
18	28944709	0.0000	5156
18	28944835	0.0000	5282
18	28945404	0.0004	5851
18	28945728	0.0000	6175
18	28945806	0.0012	6253
18	28946263	20.0000	6710
18	29034981	0.0012	0
18	29037625	0.0000	2644
18	29037700	0.0008	2719
18	29038146	0.0004	3165
18	29038619	0.0012	3638
18	29040832	0.0000	5851
18	29041021	0.0004	6040
18	29041587	0.0000	6606
18	29042303	0.0000	7322
18	29042410	0.0000	7429
18	29042451	0.0000	7470
18	29044090	0.0004	9109
18	29045371	0.0004	10390
18	29046229	0.0000	11248
18	29047324	0.0000	12343
18	29047353	0.0004	12372
18	29047710	0.0004	12729
18	29050396	0.0004	15415
18	29050905	0.0000	15924
18	29051261	0.0008	16280
18	29054406	0.0004	19425
18	29055310	0.0000	20329
18	29055374	0.0008	20393
18	29056112	0.0012	21131
18	29056629	24.0000	21648
18	30026359	0.0004	0
18	30026747	0.0004	388
18	30026793	0.0004	434
18	30026804	0.0004	445
18	30026912	0.0008	553
18	30027333	0.0008	974
18	30027851	0.0000	1492
18	30028371	0.0000	2012
18	30028429	0.0000	2070
18	30028916	0.0000	2557
18	30029497	0.0000	3138
18	30030247	0.0000	3888
18	30030608	0.0000	4249
18	30031809	0.0000	5450
18	30032935	0.0000	6576
18	30033848	0.0000	7489
18	30033984	0.0000	7625
18	30035407	0.0000	9048
18	30038040	0.0000	11681
18	30041080	0.0004	14721
18	30041496	0.0004	15137
18	30042197	21.0000	15838
18	30179283	0.0008	0
18	30179837	0.0004	554
18	30183804	0.0000	4521
18	30185165	0.0000	5882
18	30186152	0.0000	6869
18	30186202	0.0008	6919
18	30186490	0.0004	7207
18	30188626	0.0000	9343
18	30188790	0.0000	9507
18	30189275	0.0004	9992
18	30191794	0.0004	12511
18	30195110	0.0000	15827
18	30195907	0.0000	16624
18	30195930	0.0000	16647
18	30196472	0.0008	17189
18	30196834	0.0008	17551
18	30197038	0.0004	17755
18	30197290	0.0000	18007
18	30197651	0.0004	18368
18	30197710	0.0000	18427
18	30198112	0.0000	18829
18	30198264	0.0008	18981
18	30198580	0.0004	19297
18	30198741	0.0004	19458
18	30199744	0.0000	20461
18	30199942	0.0004	20659
18	30200203	0.0004	20920
18	30200234	0.0004	20951
18	30200305	0.0000	21022
18	30201488	0.0000	22205
18	30202050	0.0004	22767
18	30202216	0.0008	22933
18	30202852	0.0004	23569
18	30202883	0.0004	23600
18	30203037	0.0004	23754
18	30203298	0.0000	24015
18	30203513	0.0004	24230
18	30203881	0.0008	24598
18	30205879	0.0004	26596
18	30206264	0.0000	26981
18	30207113	0.0000	27830
18	30207361	0.0004	28078
18	30207492	0.0008	28209
18	30207608	0.0000	28325
18	30207999	0.0000	28716
18	30208512	0.0000	29229
18	30208628	0.0000	29345
18	30209482	0.0004	30199
18	30209893	48.0000	30610
18	30339037	0.0004	0
18	30339243	0.0000	206
18	30339418	0.0004	381
18	30340364	0.0004	1327
18	30341570	0.0000	2533
18	30341675	0.0004	2638
18	30342321	0.0004	3284
18	30342607	0.0000	3570
18	30342794	0.0000	3757
18	30343634	0.0000	4597
18	30343705	0.0000	4668
18	30344141	0.0000	5104
18	30344677	0.0000	5640
18	30344699	0.0000	5662
18	30346133	0.0004	7096
18	30346219	0.0004	7182
18	30347124	0.0000	8087
18	30348162	0.0000	9125
18	30348732	0.0000	9695
18	30349971	0.0000	10934
18	30349979	0.0004	10942
18	30350711	0.0000	11674
18	30351539	0.0004	12502
18	30351651	23.0000	12614
18	30391265	0.0008	0
18	30393036	0.0000	1771
18	30393850	0.0000	2585
18	30394072	0.0000	2807
18	30394485	0.0000	3220
18	30394754	0.0000	3489
18	30394818	0.0000	3553
18	30395218	0.0000	3953
18	30396268	0.0004	5003
18	30396830	0.0004	5565
18	30396848	0.0000	5583
18	30396875	0.0000	5610
18	30396928	0.0000	5663
18	30397045	0.0000	5780
18	30397124	0.0000	5859
18	30397310	0.0008	6045
18	30397944	0.0008	6679
18	30398193	0.0000	6928
18	30399454	0.0000	8189
18	30399779	0.0000	8514
18	30400537	0.0000	9272
18	30400584	0.0000	9319
18	30400608	0.0000	9343
18	30400611	0.0000	9346
18	30400667	0.0000	9402
18	30401061	0.0000	9796
18	30401495	0.0000	10230
18	30401607	0.0000	10342
18	30402302	0.0000	11037
18	30402316	0.0000	11051
18	30402622	0.0000	11357
18	30402694	0.0004	11429
18	30408550	32.0000	17285
18	31229931	0.0004	0
18	31230025	0.0004	94
18	31230152	0.0000	221
18	31230362	0.0008	431
18	31230603	0.0008	672
18	31230714	0.0000	783
18	31230717	0.0000	786
18	31230829	0.0000	898
18	31230855	0.0000	924
18	31230986	0.0000	1055
18	31231042	0.0000	1111
18	31231106	0.0000	1175
18	31231114	0.0000	1183
18	31231184	0.0000	1253
18	31231185	0.0000	1254
18	31231239	0.0000	1308
18	31231285	0.0000	1354
18	31231286	0.0000	1355
18	31231422	0.0000	1491
18	31231466	0.0000	1535
18	31231519	0.0000	1588
18	31231523	0.0000	1592
18	31231693	0.0000	1762
18	31231740	0.0000	1809
18	31231747	0.0000	1816
18	31231957	0.0000	2026
18	31232025	0.0000	2094
18	31232070	0.0000	2139
18	31232149	0.0000	2218
18	31232209	0.0000	2278
18	31232643	0.0012	2712
18	31232938	0.0000	3007
18	31233088	0.0000	3157
18	31233168	0.0004	3237
18	31233199	0.0004	3268
18	31233355	0.0000	3424
18	31233625	0.0000	3694
18	31233777	0.0000	3846
18	31233959	0.0004	4028
18	31234331	0.0008	4400
18	31234606	0.0012	4675
18	31234938	41.0000	5007
18	31303920	0.0004	0
18	31304216	0.0012	296
18	31308169	0.0008	4249
18	31309292	0.0008	5372
18	31309684	0.0000	5764
18	31310557	0.0000	6637
18	31310618	0.0000	6698
18	31310670	0.0000	6750
18	31310739	0.0000	6819
18	31310779	0.0000	6859
18	31310928	0.0000	7008
18	31311183	0.0000	7263
18	31311297	0.0000	7377
18	31311417	0.0012	7497
18	31311487	0.0008	7567
18	31311488	0.0004	7568
18	31311507	0.0000	7587
18	31311508	0.0000	7588
18	31311529	0.0004	7609
18	31311712	0.0004	7792
18	31311783	0.0004	7863
18	31311823	0.0004	7903
18	31311851	0.0000	7931
18	31311859	0.0008	7939
18	31311914	0.0008	7994
18	31311942	0.0000	8022
18	31311965	26.0000	8045
18	32049916	0.0000	0
18	32049993	0.0000	77
18	32050106	0.0000	190
18	32050356	0.0000	440
18	32050414	0.0000	498
18	32050634	0.0000	718
18	32050757	0.0004	841
18	32051532	0.0008	1616
18	32051909	0.0008	1993
18	32052127	0.0000	2211
18	32052609	0.0000	2693
18	32052786	0.0000	2870
18	32052943	0.0000	3027
18	32053088	0.0008	3172
18	32053408	0.0000	3492
18	32053478	0.0000	3562
18	32053510	0.0000	3594
18	32053629	0.0000	3713
18	32053918	0.0004	4002
18	32054554	0.0000	4638
18	32054560	0.0000	4644
18	32054582	0.0000	4666
18	32054590	22.0000	4674
18	32425148	0.0008	0
18	32425564	0.0012	416
18	32427325	0.0000	2177
18	32427329	0.0008	2181
18	32429298	0.0000	4150
18	32429319	0.0000	4171
18	32430561	0.0000	5413
18	32430570	0.0000	5422
18	32431309	0.0000	6161
18	32431533	0.0000	6385
18	32431782	0.0000	6634
18	32432197	0.0000	7049
18	32433657	0.0000	8509
18	32433855	0.0004	8707
18	32435395	0.0004	10247
18	32436917	0.0008	11769
18	32437017	0.0008	11869
18	32437263	0.0004	12115
18	32437717	0.0004	12569
18	32438421	0.0004	13273
18	32438454	20.0000	13306
18	32721762	0.0004	0
18	32721805	0.0012	43
18	32721845	0.0008	83
18	32721877	0.0000	115
18	32721912	0.0000	150
18	32722259	0.0000	497
18	32722260	0.0004	498
18	32722269	0.0008	507
18	32722380	0.0004	618
18	32722879	0.0000	1117
18	32723114	0.0000	1352
18	32723666	0.0000	1904
18	32723816	0.0000	2054
18	32724231	0.0000	2469
18	32724472	0.0000	2710
18	32725153	0.0000	3391
18	32725440	0.0000	3678
18	32725547	0.0000	3785
18	32725983	0.0000	4221
18	32726066	0.0000	4304
18	32726101	0.0000	4339
18	32726598	0.0008	4836
18	32726881	0.0008	5119
18	32726984	0.0004	5222
18	32728087	0.0000	6325
18	32728428	0.0012	6666
18	32728623	0.0000	6861
18	32728731	0.0008	6969
18	32728870	0.0008	7108
18	32729062	0.0008	7300
18	32729077	30.0000	7315
18	33045940	0.0012	0
18	33047135	0.0008	1195
18	33048333	0.0000	2393
18	33049853	0.0008	3913
18	33050626	0.0008	4686
18	33051097	0.0000	5157
18	33052544	0.0000	6604
18	33053197	0.0000	7257
18	33053212	0.0000	7272
18	33053582	0.0000	7642
18	33053895	0.0000	7955
18	33055927	0.0008	9987
18	33056125	0.0008	10185
18	33056338	0.0000	10398
18	33056563	0.0008	10623
18	33057215	0.0008	11275
18	33057601	0.0008	11661
18	33057769	0.0008	11829
18	33057929	0.0008	11989
18	33057964	0.0008	12024
18	33060244	0.0000	14304
18	33060260	0.0000	14320
18	33061664	0.0008	15724
18	33063001	0.0000	17061
18	33063212	0.0000	17272
18	33063229	0.0008	17289
18	33064190	0.0000	18250
18	33064389	0.0008	18449
18	33065007	0.0000	19067
18	33065008	0.0008	19068
18	33065278	0.0000	19338
18	33065604	0.0000	19664
18	33066876	0.0008	20936
18	33068244	0.0004	22304
18	33069355	0.0000	23415
18	33071269	0.0008	25329
18	33071659	0.0000	25719
18	33071882	0.0000	25942
18	33072164	0.0000	26224
18	33072752	0.0000	26812
18	33073325	0.0012	27385
18	33075743	0.0012	29803
18	33076850	0.0000	30910
18	33077145	0.0008	31205
18	33077219	0.0000	31279
18	33077721	0.0004	31781
18	33078507	0.0004	32567
18	33078534	47.0000	32594
18	33079897	0.0008	0
18	33082647	0.0008	2750
18	33083025	0.0004	3128
18	33084393	0.0000	4496
18	33084466	0.0012	4569
18	33084674	0.0004	4777
18	33084682	0.0012	4785
18	33085379	0.0000	5482
18	33085542	0.0000	5645
18	33086089	0.0008	6192
18	33087476	0.0008	7579
18	33089183	0.0000	9286
18	33089258	0.0008	9361
18	33090096	0.0008	10199
18	33090834	0.0000	10937
18	33092513	0.0000	12616
18	33092747	0.0004	12850
18	33093888	0.0004	13991
18	33094762	0.0008	14865
18	33095087	0.0008	15190
18	33095218	0.0000	15321
18	33095422	0.0008	15525
18	33096459	0.0008	16562
18	33097493	0.0000	17596
18	33099065	0.0000	19168
18	33099509	0.0000	19612
18	33099681	0.0000	19784
18	33100368	0.0008	20471
18	33101951	0.0012	22054
18	33102339	0.0008	22442
18	33103149	0.0000	23252
18	33103328	0.0004	23431
18	33103958	0.0004	24061
18	33104040	0.0000	24143
18	33104302	34.0000	24405
18	33142904	0.0012	0
18	33144896	0.0000	1992
18	33145804	0.0000	2900
18	33146707	0.0004	3803
18	33147624	0.0008	4720
18	33147847	0.0008	4943
18	33150395	0.0008	7491
18	33161527	0.0004	18623
18	33163213	0.0012	20309
18	33165161	0.0008	22257
18	33166452	0.0000	23548
18	33166806	0.0000	23902
18	33168502	0.0000	25598
18	33169283	0.0000	26379
18	33172571	0.0000	29667
18	33172673	0.0000	29769
18	33174144	0.0000	31240
18	33174893	0.0000	31989
18	33176567	0.0000	33663
18	33178610	0.0000	35706
18	33179595	0.0000	36691
18	33180134	0.0000	37230
18	33180806	0.0000	37902
18	33181215	0.0000	38311
18	33183923	0.0000	41019
18	33184447	0.0000	41543
18	33184474	0.0000	41570
18	33184642	0.0000	41738
18	33184723	0.0000	41819
18	33184798	0.0000	41894
18	33185169	0.0000	42265
18	33186896	0.0000	43992
18	33188333	0.0000	45429
18	33188707	0.0000	45803
18	33189507	0.0000	46603
18	33189557	0.0004	46653
18	33189775	0.0004	46871
18	33190453	0.0008	47549
18	33190519	0.0008	47615
18	33190832	0.0000	47928
18	33191193	0.0000	48289
18	33191831	0.0008	48927
18	33192660	0.0008	49756
18	33192675	0.0000	49771
18	33193037	0.0000	50133
18	33193071	0.0012	50167
18	33193132	0.0012	50228
18	33193817	0.0008	50913
18	33196228	0.0000	53324
18	33196264	0.0000	53360
18	33196827	0.0000	53923
18	33197116	0.0000	54212
18	33197155	52.0000	54251
18	33199438	0.0000	0
18	33199750	0.0004	312
18	33202580	0.0004	3142
18	33203260	0.0000	3822
18	33203297	0.0000	3859
18	33203511	0.0000	4073
18	33205032	0.0000	5594
18	33207142	0.0000	7704
18	33207548	0.0000	8110
18	33208995	0.0000	9557
18	33209230	0.0000	9792
18	33209469	0.0000	10031
18	33210254	0.0000	10816
18	33211196	0.0000	11758
18	33211223	0.0000	11785
18	33211393	0.0000	11955
18	33211530	0.0000	12092
18	33213566	0.0000	14128
18	33213968	0.0000	14530
18	33214730	0.0000	15292
18	33214818	0.0000	15380
18	33214967	0.0000	15529
18	33215045	0.0000	15607
18	33215089	0.0000	15651
18	33219404	0.0004	19966
18	33219787	0.0004	20349
18	33220381	0.0000	20943
18	33221226	0.0004	21788
18	33222486	0.0000	23048
18	33222504	0.0000	23066
18	33222664	0.0000	23226
18	33223349	0.0000	23911
18	33224105	0.0000	24667
18	33224640	0.0000	25202
18	33224794	0.0000	25356
18	33225240	0.0000	25802
18	33225739	0.0000	26301
18	33226110	0.0000	26672
18	33226473	0.0000	27035
18	33227772	0.0000	28334
18	33229068	0.0000	29630
18	33229905	0.0000	30467
18	33230807	0.0000	31369
18	33230898	0.0000	31460
18	33231171	0.0008	31733
18	33231815	0.0000	32377
18	33231941	0.0008	32503
18	33232667	0.0008	33229
18	33233401	0.0008	33963
18	33234193	0.0000	34755
18	33234666	0.0004	35228
18	33236762	51.0000	37324
18	35873921	0.0004	0
18	35874074	0.0004	153
18	35874194	0.0000	273
18	35874428	0.0000	507
18	35874628	0.0000	707
18	35874677	0.0000	756
18	35875018	0.0000	1097
18	35875161	0.0000	1240
18	35875383	0.0000	1462
18	35875542	0.0000	1621
18	35875758	0.0000	1837
18	35875986	0.0000	2065
18	35876018	0.0000	2097
18	35876133	0.0000	2212
18	35877053	0.0000	3132
18	35877088	0.0000	3167
18	35877137	0.0000	3216
18	35877243	0.0000	3322
18	35877495	0.0000	3574
18	35878117	0.0000	4196
18	35878378	0.0000	4457
18	35878801	0.0000	4880
18	35879035	0.0000	5114
18	35879127	0.0000	5206
18	35879172	0.0000	5251
18	35879239	0.0000	5318
18	35879307	0.0004	5386
18	35879366	0.0004	5445
18	35879489	0.0000	5568
18	35879791	0.0000	5870
18	35879816	30.0000	5895
18	36189000	0.0004	0
18	36189101	0.0012	101
18	36189443	0.0008	443
18	36189865	0.0004	865
18	36190124	0.0004	1124
18	36190722	0.0000	1722
18	36191743	0.0000	2743
18	36191849	0.0000	2849
18	36192357	0.0000	3357
18	36192996	0.0000	3996
18	36193077	0.0004	4077
18	36193280	0.0004	4280
18	36193646	0.0000	4646
18	36194588	0.0000	5588
18	36194781	0.0000	5781
18	36195063	0.0004	6063
18	36195408	0.0004	6408
18	36195416	0.0000	6416
18	36196164	0.0000	7164
18	36196168	0.0000	7168
18	36196226	0.0000	7226
18	36196443	21.0000	7443
18	36953761	0.0000	0
18	36953978	0.0000	217
18	36956155	0.0000	2394
18	36958834	0.0000	5073
18	36959615	0.0000	5854
18	36963238	0.0000	9477
18	36963497	0.0000	9736
18	36967167	0.0000	13406
18	36968304	0.0000	14543
18	36969146	0.0000	15385
18	36970641	0.0000	16880
18	36970691	0.0000	16930
18	36971144	0.0000	17383
18	36971804	0.0000	18043
18	36972343	0.0004	18582
18	36974208	0.0004	20447
18	36977265	0.0004	23504
18	36977602	0.0004	23841
18	36977943	0.0000	24182
18	36978339	0.0004	24578
18	36982837	20.0000	29076
18	37784827	0.0008	0
18	37785477	0.0000	650
18	37785506	0.0000	679
18	37785796	0.0004	969
18	37786762	0.0000	1935
18	37787073	0.0004	2246
18	37787311	0.0000	2484
18	37787312	0.0000	2485
18	37787886	0.0000	3059
18	37788154	0.0000	3327
18	37788665	0.0000	3838
18	37788985	0.0000	4158
18	37789099	0.0000	4272
18	37789704	0.0000	4877
18	37789944	0.0004	5117
18	37790163	0.0004	5336
18	37790824	0.0000	5997
18	37791429	0.0000	6602
18	37791636	0.0000	6809
18	37792624	0.0000	7797
18	37796155	0.0000	11328
18	37796694	0.0008	11867
18	37798177	22.0000	13350
18	39014543	0.0000	0
18	39015674	0.0004	1131
18	39015775	0.0012	1232
18	39016188	0.0000	1645
18	39016189	0.0008	1646
18	39016736	0.0012	2193
18	39017177	0.0012	2634
18	39017277	0.0000	2734
18	39017464	0.0000	2921
18	39018808	0.0000	4265
18	39019848	0.0000	5305
18	39020014	0.0000	5471
18	39021066	0.0000	6523
18	39021515	0.0000	6972
18	39021785	0.0012	7242
18	39022824	0.0000	8281
18	39025108	0.0000	10565
18	39025216	0.0012	10673
18	39025273	0.0000	10730
18	39026403	0.0000	11860
18	39026515	0.0000	11972
18	39027584	0.0000	13041
18	39027983	0.0012	13440
18	39030398	0.0012	15855
18	39030874	0.0004	16331
18	39032549	25.0000	18006
18	39116654	0.0008	0
18	39120790	0.0000	4136
18	39121119	0.0004	4465
18	39122662	0.0012	6008
18	39124622	0.0004	7968
18	39127379	0.0008	10725
18	39131218	0.0012	14564
18	39134041	0.0004	17387
18	39136968	0.0008	20314
18	39139787	0.0008	23133
18	39141876	0.0004	25222
18	39142244	0.0000	25590
18	39142279	0.0000	25625
18	39145041	0.0000	28387
18	39146200	0.0000	29546
18	39146531	0.0000	29877
18	39148676	0.0000	32022
18	39150200	0.0004	33546
18	39153376	0.0000	36722
18	39153793	0.0000	37139
18	39154788	0.0000	38134
18	39155111	0.0004	38457
18	39156371	0.0012	39717
18	39159072	0.0008	42418
18	39159148	0.0004	42494
18	39160442	25.0000	43788
18	39615878	0.0008	0
18	39618230	0.0004	2352
18	39618377	0.0004	2499
18	39618855	0.0004	2977
18	39621946	0.0004	6068
18	39627939	0.0012	12061
18	39629005	0.0000	13127
18	39629783	0.0008	13905
18	39632524	0.0000	16646
18	39632556	0.0004	16678
18	39632981	0.0004	17103
18	39633189	0.0000	17311
18	39633212	0.0000	17334
18	39633346	0.0000	17468
18	39634207	0.0000	18329
18	39634932	0.0000	19054
18	39635328	0.0012	19450
18	39635690	0.0012	19812
18	39636564	0.0000	20686
18	39636758	0.0000	20880
18	39636788	0.0000	20910
18	39637434	0.0000	21556
18	39637980	0.0008	22102
18	39638663	0.0004	22785
18	39638808	0.0004	22930
18	39641444	0.0000	25566
18	39641532	0.0012	25654
18	39641890	27.0000	26012
18	40604410	0.0000	0
18	40604533	0.0012	123
18	40605094	0.0012	684
18	40605299	0.0000	889
18	40605392	0.0000	982
18	40605513	0.0000	1103
18	40605860	0.0000	1450
18	40606760	0.0000	2350
18	40606780	0.0000	2370
18	40606949	0.0000	2539
18	40607270	0.0000	2860
18	40607283	0.0000	2873
18	40607381	0.0000	2971
18	40607429	0.0004	3019
18	40607847	0.0004	3437
18	40607951	0.0004	3541
18	40608227	0.0004	3817
18	40608287	0.0000	3877
18	40608339	0.0004	3929
18	40608667	0.0004	4257
18	40609040	0.0000	4630
18	40609177	0.0000	4767
18	40609198	0.0000	4788
18	40609305	0.0000	4895
18	40609930	0.0000	5520
18	40609950	0.0000	5540
18	40610074	0.0000	5664
18	40610263	0.0000	5853
18	40610493	0.0000	6083
18	40610533	0.0000	6123
18	40610597	0.0000	6187
18	40610816	0.0000	6406
18	40611125	0.0000	6715
18	40611183	0.0000	6773
18	40611315	0.0000	6905
18	40611455	0.0000	7045
18	40611525	0.0000	7115
18	40611748	0.0000	7338
18	40611905	0.0000	7495
18	40611943	0.0000	7533
18	40612253	0.0000	7843
18	40612384	0.0000	7974
18	40612476	0.0000	8066
18	40612479	0.0000	8069
18	40612540	0.0000	8130
18	40612601	0.0000	8191
18	40613245	0.0000	8835
18	40613520	0.0000	9110
18	40613614	0.0000	9204
18	40613848	0.0000	9438
18	40613973	0.0000	9563
18	40614006	0.0000	9596
18	40614162	0.0000	9752
18	40614168	0.0000	9758
18	40614203	0.0000	9793
18	40614804	55.0000	10394
18	40626473	0.0000	0
18	40626563	0.0000	90
18	40627722	0.0004	1249
18	40628734	0.0008	2261
18	40629918	0.0004	3445
18	40630101	0.0000	3628
18	40631791	0.0000	5318
18	40631992	0.0004	5519
18	40633251	0.0000	6778
18	40633762	0.0000	7289
18	40634059	0.0008	7586
18	40634681	0.0012	8208
18	40635325	0.0004	8852
18	40636566	0.0000	10093
18	40636950	0.0000	10477
18	40637000	0.0000	10527
18	40638335	0.0000	11862
18	40638358	0.0000	11885
18	40638763	0.0000	12290
18	40638967	0.0000	12494
18	40639889	0.0008	13416
18	40641270	0.0012	14797
18	40641450	0.0012	14977
18	40642597	0.0008	16124
18	40643020	0.0000	16547
18	40643871	0.0012	17398
18	40644981	0.0012	18508
18	40645401	0.0000	18928
18	40645507	0.0000	19034
18	40645880	0.0000	19407
18	40646214	0.0000	19741
18	40646631	31.0000	20158
18	40648951	0.0000	0
18	40649268	0.0004	317
18	40650001	0.0004	1050
18	40650405	0.0000	1454
18	40650652	0.0012	1701
18	40651293	0.0012	2342
18	40653028	0.0000	4077
18	40653241	0.0000	4290
18	40653777	0.0000	4826
18	40653815	0.0000	4864
18	40654633	0.0000	5682
18	40654730	0.0004	5779
18	40654814	0.0004	5863
18	40654932	0.0000	5981
18	40655509	0.0000	6558
18	40655926	0.0008	6975
18	40656314	0.0008	7363
18	40656417	0.0000	7466
18	40656680	0.0000	7729
18	40656867	0.0000	7916
18	40656909	0.0004	7958
18	40656952	0.0012	8001
18	40657740	0.0008	8789
18	40657989	0.0000	9038
18	40658039	0.0000	9088
18	40658521	0.0000	9570
18	40658861	0.0008	9910
18	40659160	0.0008	10209
18	40659211	0.0000	10260
18	40659428	0.0004	10477
18	40659748	0.0004	10797
18	40660107	0.0000	11156
18	40660207	0.0000	11256
18	40660350	0.0000	11399
18	40661813	0.0000	12862
18	40661927	0.0000	12976
18	40662099	0.0000	13148
18	40662204	0.0004	13253
18	40662365	0.0004	13414
18	40662442	0.0000	13491
18	40662471	0.0000	13520
18	40662514	0.0000	13563
18	40662822	0.0000	13871
18	40662970	0.0000	14019
18	40663009	0.0000	14058
18	40663139	0.0008	14188
18	40663429	0.0008	14478
18	40663857	0.0000	14906
18	40664032	0.0000	15081
18	40664091	0.0000	15140
18	40664475	0.0000	15524
18	40664797	0.0000	15846
18	40664882	0.0000	15931
18	40665294	0.0012	16343
18	40665885	0.0012	16934
18	40666024	0.0004	17073
18	40666517	0.0004	17566
18	40666882	0.0004	17931
18	40667113	0.0008	18162
18	40667206	0.0004	18255
18	40667227	0.0008	18276
18	40667484	0.0008	18533
18	40667526	0.0000	18575
18	40667908	0.0000	18957
18	40667947	0.0004	18996
18	40668743	0.0004	19792
18	40668795	0.0000	19844
18	40668878	0.0000	19927
18	40669259	0.0000	20308
18	40669318	0.0008	20367
18	40669499	0.0008	20548
18	40669892	0.0000	20941
18	40670885	0.0000	21934
18	40671225	0.0000	22274
18	40671855	0.0000	22904
18	40671883	0.0008	22932
18	40672001	0.0008	23050
18	40672038	0.0000	23087
18	40672720	0.0000	23769
18	40672984	0.0000	24033
18	40673085	0.0000	24134
18	40673240	0.0000	24289
18	40673401	0.0000	24450
18	40673417	0.0000	24466
18	40673642	0.0000	24691
18	40673840	0.0000	24889
18	40673854	86.0000	24903
18	40674091	0.0000	0
18	40674342	0.0000	251
18	40675487	0.0000	1396
18	40675537	0.0000	1446
18	40675722	0.0000	1631
18	40676054	0.0000	1963
18	40676163	0.0004	2072
18	40676929	0.0000	2838
18	40676936	0.0004	2845
18	40677418	0.0000	3327
18	40677614	0.0000	3523
18	40677630	0.0000	3539
18	40677714	0.0000	3623
18	40677867	0.0000	3776
18	40677939	0.0000	3848
18	40678151	0.0000	4060
18	40678259	0.0000	4168
18	40678519	0.0000	4428
18	40679213	0.0000	5122
18	40679290	0.0000	5199
18	40679345	0.0000	5254
18	40679346	0.0000	5255
18	40679413	22.0000	5322
18	40814844	0.0004	0
18	40814892	0.0004	48
18	40816170	0.0000	1326
18	40816716	0.0000	1872
18	40817303	0.0004	2459
18	40817601	0.0000	2757
18	40817659	0.0000	2815
18	40818054	0.0000	3210
18	40819533	0.0000	4689
18	40819550	0.0000	4706
18	40820190	0.0004	5346
18	40821519	0.0008	6675
18	40822436	0.0008	7592
18	40823379	0.0004	8535
18	40823660	0.0000	8816
18	40824313	0.0004	9469
18	40828160	0.0000	13316
18	40830699	0.0004	15855
18	40831473	0.0004	16629
18	40832781	0.0008	17937
18	40834495	0.0004	19651
18	40834657	0.0008	19813
18	40836623	0.0000	21779
18	40838427	23.0000	23583
18	42161372	0.0004	0
18	42162541	0.0004	1169
18	42162685	0.0004	1313
18	42163566	0.0004	2194
18	42163699	0.0004	2327
18	42164068	0.0000	2696
18	42164093	0.0000	2721
18	42165125	0.0000	3753
18	42165166	0.0000	3794
18	42165198	0.0000	3826
18	42165337	0.0000	3965
18	42165886	0.0008	4514
18	42165912	0.0012	4540
18	42166420	0.0000	5048
18	42166432	0.0000	5060
18	42166797	0.0000	5425
18	42167238	0.0000	5866
18	42167436	0.0000	6064
18	42167520	0.0012	6148
18	42167606	0.0004	6234
18	42168122	0.0012	6750
18	42169031	0.0004	7659
18	42169318	22.0000	7946
18	42584010	0.0004	0
18	42584104	0.0004	94
18	42584124	0.0000	114
18	42584132	0.0012	122
18	42584563	0.0012	553
18	42584581	0.0004	571
18	42584718	0.0004	708
18	42584802	0.0000	792
18	42585000	0.0000	990
18	42585429	0.0000	1419
18	42585707	0.0000	1697
18	42585711	0.0000	1701
18	42585792	0.0000	1782
18	42585816	0.0000	1806
18	42585922	0.0000	1912
18	42586250	0.0004	2240
18	42586738	0.0008	2728
18	42586794	0.0004	2784
18	42586897	0.0000	2887
18	42586962	0.0004	2952
18	42587050	0.0004	3040
18	42587583	0.0000	3573
18	42588056	0.0008	4046
18	42588557	0.0008	4547
18	42589296	0.0004	5286
18	42590377	0.0000	6367
18	42590586	0.0000	6576
18	42590622	0.0000	6612
18	42591923	0.0000	7913
18	42592483	0.0000	8473
18	42592577	0.0000	8567
18	42592800	0.0000	8790
18	42593224	0.0000	9214
18	42593227	0.0000	9217
18	42593291	0.0000	9281
18	42593820	0.0000	9810
18	42593873	0.0000	9863
18	42594135	0.0000	10125
18	42594484	0.0000	10474
18	42594538	0.0000	10528
18	42594722	0.0004	10712
18	42594739	0.0004	10729
18	42594783	0.0000	10773
18	42594959	43.0000	10949
18	44650929	0.0000	0
18	44651129	0.0012	200
18	44651456	0.0012	527
18	44654348	0.0000	3419
18	44654537	0.0000	3608
18	44654544	0.0000	3615
18	44654799	0.0000	3870
18	44655042	0.0004	4113
18	44655285	0.0008	4356
18	44655343	0.0004	4414
18	44655660	0.0000	4731
18	44655915	0.0000	4986
18	44656314	0.0000	5385
18	44657242	0.0008	6313
18	44657384	0.0004	6455
18	44657857	0.0000	6928
18	44658474	0.0008	7545
18	44660633	0.0004	9704
18	44660769	0.0004	9840
18	44661254	0.0000	10325
18	44662203	0.0004	11274
18	44662374	0.0004	11445
18	44662621	0.0000	11692
18	44663283	23.0000	12354
18	45979791	0.0004	0
18	45979854	0.0004	63
18	45980501	0.0008	710
18	45981035	0.0000	1244
18	45981295	0.0000	1504
18	45981389	0.0004	1598
18	45981475	0.0008	1684
18	45981494	0.0012	1703
18	45981883	0.0000	2092
18	45981897	0.0000	2106
18	45982030	0.0000	2239
18	45982235	0.0000	2444
18	45982251	0.0004	2460
18	45982569	0.0012	2778
18	45982885	0.0008	3094
18	45983386	0.0008	3595
18	45983506	0.0008	3715
18	45983711	0.0004	3920
18	45984012	0.0004	4221
18	45984084	0.0000	4293
18	45984330	0.0000	4539
18	45984540	0.0000	4749
18	45984961	22.0000	5170
18	46081423	0.0004	0
18	46081477	0.0000	54
18	46081480	0.0004	57
18	46082099	0.0004	676
18	46082513	0.0008	1090
18	46084149	0.0000	2726
18	46085004	0.0008	3581
18	46085372	0.0004	3949
18	46085382	0.0000	3959
18	46086016	0.0000	4593
18	46086808	0.0000	5385
18	46086820	0.0000	5397
18	46086895	0.0004	5472
18	46086986	0.0000	5563
18	46087562	0.0004	6139
18	46088355	0.0004	6932
18	46090014	0.0000	8591
18	46090224	0.0000	8801
18	46091022	0.0000	9599
18	46091434	0.0000	10011
18	46093178	0.0000	11755
18	46093299	0.0008	11876
18	46093359	0.0004	11936
18	46093797	0.0004	12374
18	46094334	0.0004	12911
18	46094913	0.0004	13490
18	46095398	0.0004	13975
18	46096427	0.0012	15004
18	46096557	28.0000	15134
18	49364092	0.0004	0
18	49364353	0.0004	261
18	49365009	0.0000	917
18	49365412	0.0000	1320
18	49366539	0.0000	2447
18	49366649	0.0004	2557
18	49367518	0.0004	3426
18	49367837	0.0004	3745
18	49368817	0.0000	4725
18	49369624	0.0000	5532
18	49369651	0.0000	5559
18	49369834	0.0008	5742
18	49369991	0.0008	5899
18	49370193	0.0000	6101
18	49371069	0.0000	6977
18	49371151	0.0000	7059
18	49371591	0.0000	7499
18	49373247	0.0000	9155
18	49373479	0.0000	9387
18	49373484	0.0000	9392
18	49373568	0.0004	9476
18	49373894	0.0004	9802
18	49374853	0.0000	10761
18	49375240	0.0000	11148
18	49375442	0.0000	11350
18	49375447	0.0004	11355
18	49377691	0.0000	13599
18	49383034	0.0000	18942
18	49388181	0.0004	24089
18	49388278	0.0008	24186
18	49388825	0.0012	24733
18	49388977	0.0008	24885
18	49389069	0.0000	24977
18	49389119	0.0000	25027
18	49389361	0.0000	25269
18	49389909	0.0000	25817
18	49390159	0.0000	26067
18	49390353	0.0000	26261
18	49390420	0.0000	26328
18	49390695	0.0000	26603
18	49393655	0.0004	29563
18	49395433	0.0004	31341
18	49395458	0.0000	31366
18	49395481	0.0000	31389
18	49395837	0.0000	31745
18	49396361	0.0000	32269
18	49396804	0.0000	32712
18	49396898	0.0000	32806
18	49396972	0.0000	32880
18	49397396	49.0000	33304
18	49404566	0.0000	0
18	49404654	0.0000	88
18	49404719	0.0000	153
18	49406109	0.0000	1543
18	49406140	0.0000	1574
18	49406260	0.0000	1694
18	49406545	0.0000	1979
18	49406833	0.0000	2267
18	49406906	0.0000	2340
18	49407036	0.0000	2470
18	49407998	0.0000	3432
18	49408836	0.0000	4270
18	49409428	0.0008	4862
18	49411779	0.0000	7213
18	49411858	0.0000	7292
18	49411946	0.0000	7380
18	49412275	0.0000	7709
18	49412344	0.0000	7778
18	49412370	0.0000	7804
18	49412551	0.0000	7985
18	49412677	0.0000	8111
18	49412977	0.0000	8411
18	49413125	0.0000	8559
18	49413300	0.0000	8734
18	49413833	0.0000	9267
18	49413959	0.0000	9393
18	49413989	0.0000	9423
18	49414554	0.0008	9988
18	49416241	0.0008	11675
18	49416275	0.0000	11709
18	49416509	0.0000	11943
18	49416931	0.0008	12365
18	49417916	0.0000	13350
18	49417952	0.0008	13386
18	49418480	0.0000	13914
18	49419990	0.0000	15424
18	49420431	0.0000	15865
18	49420690	0.0000	16124
18	49420852	0.0004	16286
18	49420880	0.0004	16314
18	49421387	0.0000	16821
18	49421643	0.0000	17077
18	49421848	0.0000	17282
18	49422214	0.0004	17648
18	49422651	0.0004	18085
18	49422765	0.0000	18199
18	49423039	0.0000	18473
18	49423556	0.0000	18990
18	49423571	0.0000	19005
18	49423595	0.0000	19029
18	49423758	0.0000	19192
18	49424627	0.0004	20061
18	49425555	0.0004	20989
18	49426276	0.0008	21710
18	49428543	0.0008	23977
18	49428635	0.0000	24069
18	49429066	0.0000	24500
18	49429482	0.0000	24916
18	49430151	0.0000	25585
18	49430755	0.0000	26189
18	49431740	0.0000	27174
18	49431896	0.0008	27330
18	49432101	0.0008	27535
18	49432282	0.0000	27716
18	49433936	0.0000	29370
18	49434027	0.0000	29461
18	49435327	0.0000	30761
18	49435620	0.0008	31054
18	49436035	0.0008	31469
18	49436048	0.0008	31482
18	49436947	0.0004	32381
18	49441547	0.0000	36981
18	49441569	0.0000	37003
18	49441833	0.0000	37267
18	49442102	0.0000	37536
18	49442318	0.0000	37752
18	49442715	0.0008	38149
18	49443419	0.0008	38853
18	49443768	0.0000	39202
18	49443868	0.0000	39302
18	49445468	0.0000	40902
18	49445523	0.0000	40957
18	49445863	0.0008	41297
18	49446320	0.0000	41754
18	49446857	0.0000	42291
18	49447726	0.0000	43160
18	49450565	0.0000	45999
18	49450598	0.0008	46032
18	49450735	0.0008	46169
18	49452057	0.0000	47491
18	49452367	0.0000	47801
18	49454673	0.0000	50107
18	49454707	0.0000	50141
18	49454893	0.0008	50327
18	49456568	0.0004	52002
18	49457650	0.0008	53084
18	49459437	96.0000	54871
18	49750870	0.0000	0
18	49750919	0.0008	49
18	49751088	0.0000	218
18	49751089	0.0004	219
18	49751214	0.0004	344
18	49751327	0.0004	457
18	49751387	0.0000	517
18	49751415	0.0000	545
18	49751421	0.0004	551
18	49751514	0.0004	644
18	49751584	0.0004	714
18	49751777	0.0000	907
18	49751805	0.0004	935
18	49751919	0.0004	1049
18	49751975	0.0004	1105
18	49752092	0.0008	1222
18	49752521	0.0000	1651
18	49752540	0.0000	1670
18	49752680	0.0000	1810
18	49752707	0.0000	1837
18	49752883	0.0000	2013
18	49752974	0.0004	2104
18	49753015	0.0004	2145
18	49753022	0.0000	2152
18	49753137	0.0000	2267
18	49753182	0.0000	2312
18	49753232	0.0000	2362
18	49753323	27.0000	2453
18	49871884	0.0008	0
18	49872134	0.0000	250
18	49872179	0.0008	295
18	49872731	0.0008	847
18	49873297	0.0000	1413
18	49873303	0.0004	1419
18	49873501	0.0000	1617
18	49873502	0.0008	1618
18	49873701	0.0004	1817
18	49873746	0.0004	1862
18	49874040	0.0004	2156
18	49874103	0.0000	2219
18	49874115	0.0000	2231
18	49874190	0.0000	2306
18	49874293	0.0000	2409
18	49874531	0.0000	2647
18	49874629	0.0000	2745
18	49875197	0.0000	3313
18	49875350	0.0000	3466
18	49875465	0.0000	3581
18	49875565	0.0000	3681
18	49875629	0.0012	3745
18	49876228	0.0012	4344
18	49876400	0.0000	4516
18	49876699	0.0000	4815
18	49876726	0.0000	4842
18	49877115	0.0004	5231
18	49877123	0.0004	5239
18	49877131	0.0000	5247
18	49877407	0.0000	5523
18	49877541	0.0000	5657
18	49877639	0.0004	5755
18	49878029	0.0004	6145
18	49878364	0.0000	6480
18	49879160	34.0000	7276
18	49885632	0.0008	0
18	49885728	0.0004	96
18	49885735	0.0008	103
18	49885800	0.0000	168
18	49885838	0.0004	206
18	49885869	0.0012	237
18	49885878	0.0008	246
18	49886344	0.0000	712
18	49886819	0.0000	1187
18	49887617	0.0000	1985
18	49887742	0.0000	2110
18	49887775	0.0000	2143
18	49887877	0.0000	2245
18	49887898	0.0008	2266
18	49887938	0.0008	2306
18	49888186	0.0000	2554
18	49888490	0.0004	2858
18	49888613	0.0004	2981
18	49888889	0.0000	3257
18	49888986	0.0004	3354
18	49889211	0.0012	3579
18	49889510	0.0004	3878
18	49889571	0.0000	3939
18	49889593	0.0004	3961
18	49889679	0.0004	4047
18	49889913	0.0004	4281
18	49889928	0.0004	4296
18	49890008	0.0000	4376
18	49890043	0.0000	4411
18	49890169	0.0008	4537
18	49890273	0.0008	4641
18	49891116	0.0012	5484
18	49891246	32.0000	5614
18	53397130	0.0000	0
18	53397132	0.0000	2
18	53397762	0.0000	632
18	53397933	0.0000	803
18	53398284	0.0000	1154
18	53398462	0.0012	1332
18	53400062	0.0004	2932
18	53400252	0.0000	3122
18	53400558	0.0000	3428
18	53400631	0.0000	3501
18	53400734	0.0000	3604
18	53400737	0.0000	3607
18	53401578	0.0000	4448
18	53402295	0.0000	5165
18	53402539	0.0000	5409
18	53403204	0.0000	6074
18	53404206	0.0000	7076
18	53404511	0.0000	7381
18	53404930	0.0000	7800
18	53405533	0.0000	8403
18	53405693	0.0008	8563
18	53406049	0.0004	8919
18	53406425	0.0000	9295
18	53406442	0.0000	9312
18	53406456	0.0000	9326
18	53406474	25.0000	9344
18	53407594	0.0008	0
18	53408983	0.0012	1389
18	53410231	0.0000	2637
18	53410624	0.0000	3030
18	53410656	0.0004	3062
18	53410966	0.0004	3372
18	53411012	0.0000	3418
18	53411137	0.0008	3543
18	53411223	0.0008	3629
18	53411766	0.0008	4172
18	53411871	0.0008	4277
18	53412325	0.0004	4731
18	53413328	0.0004	5734
18	53413619	0.0012	6025
18	53413888	0.0012	6294
18	53414045	0.0004	6451
18	53414792	0.0000	7198
18	53414891	0.0000	7297
18	53414929	0.0000	7335
18	53415592	0.0000	7998
18	53416283	0.0000	8689
18	53416869	0.0012	9275
18	53416875	0.0012	9281
18	53417356	0.0000	9762
18	53417667	0.0008	10073
18	53419064	0.0004	11470
18	53419207	26.0000	11613
18	53419513	0.0000	0
18	53419523	0.0008	10
18	53419540	0.0012	27
18	53419650	0.0000	137
18	53419737	0.0008	224
18	53419748	0.0008	235
18	53420076	0.0000	563
18	53420134	0.0000	621
18	53420269	0.0000	756
18	53420531	0.0008	1018
18	53420591	0.0008	1078
18	53420796	0.0000	1283
18	53421244	0.0000	1731
18	53421821	0.0000	2308
18	53422363	0.0000	2850
18	53422371	0.0000	2858
18	53422379	0.0000	2866
18	53422384	0.0000	2871
18	53422461	0.0000	2948
18	53423133	0.0000	3620
18	53423330	0.0000	3817
18	53423417	0.0000	3904
18	53423425	0.0000	3912
18	53423592	0.0000	4079
18	53423929	0.0000	4416
18	53424067	0.0000	4554
18	53424225	0.0000	4712
18	53424445	0.0008	4932
18	53425912	0.0004	6399
18	53426613	0.0000	7100
18	53426866	0.0000	7353
18	53426931	0.0008	7418
18	53427548	0.0004	8035
18	53427572	0.0008	8059
18	53427598	0.0004	8085
18	53427660	0.0000	8147
18	53427776	0.0004	8263
18	53429230	0.0004	9717
18	53429265	0.0008	9752
18	53429427	0.0000	9914
18	53429478	0.0000	9965
18	53429778	0.0000	10265
18	53429779	0.0000	10266
18	53429896	0.0000	10383
18	53429924	0.0012	10411
18	53429959	0.0012	10446
18	53430223	0.0004	10710
18	53430293	0.0004	10780
18	53430574	48.0000	11061
18	53898713	0.0000	0
18	53898720	0.0000	7
18	53898798	0.0000	85
18	53898852	0.0000	139
18	53898885	0.0000	172
18	53899643	0.0000	930
18	53899681	0.0012	968
18	53899742	0.0012	1029
18	53899899	0.0000	1186
18	53900004	0.0000	1291
18	53900021	0.0008	1308
18	53900103	0.0008	1390
18	53901640	0.0000	2927
18	53901780	0.0008	3067
18	53901916	0.0008	3203
18	53901995	0.0004	3282
18	53902059	0.0000	3346
18	53902070	0.0000	3357
18	53902087	0.0000	3374
18	53902149	0.0000	3436
18	53902151	0.0004	3438
18	53902224	0.0000	3511
18	53902287	0.0000	3574
18	53902558	23.0000	3845
18	53932917	0.0012	0
18	53933181	0.0012	264
18	53933448	0.0000	531
18	53933638	0.0000	721
18	53933716	0.0000	799
18	53933865	0.0000	948
18	53934542	0.0000	1625
18	53934723	0.0000	1806
18	53934960	0.0004	2043
18	53935277	0.0000	2360
18	53935306	0.0000	2389
18	53935321	0.0000	2404
18	53935338	0.0000	2421
18	53935631	0.0000	2714
18	53935662	0.0000	2745
18	53935820	0.0004	2903
18	53935941	0.0004	3024
18	53936020	0.0000	3103
18	53936146	0.0000	3229
18	53936912	0.0000	3995
18	53937092	0.0000	4175
18	53937270	0.0000	4353
18	53937534	0.0000	4617
18	53937615	0.0000	4698
18	53937654	0.0000	4737
18	53938035	0.0000	5118
18	53938119	0.0000	5202
18	53938330	0.0000	5413
18	53938569	0.0000	5652
18	53938759	0.0000	5842
18	53939145	0.0000	6228
18	53939269	0.0004	6352
18	53939521	0.0004	6604
18	53939618	0.0000	6701
18	53939786	0.0012	6869
18	53940440	0.0012	7523
18	53940511	0.0000	7594
18	53940618	0.0000	7701
18	53941079	0.0000	8162
18	53941387	0.0000	8470
18	53941606	0.0000	8689
18	53941822	0.0000	8905
18	53942043	0.0000	9126
18	53942502	0.0000	9585
18	53942563	0.0000	9646
18	53942756	0.0004	9839
18	53942877	0.0004	9960
18	53942903	0.0000	9986
18	53942966	0.0000	10049
18	53943030	0.0000	10113
18	53943068	0.0000	10151
18	53943148	0.0000	10231
18	53943165	0.0000	10248
18	53943202	0.0000	10285
18	53943904	0.0012	10987
18	53943923	0.0012	11006
18	53943943	0.0000	11026
18	53944150	0.0012	11233
18	53944177	0.0012	11260
18	53944624	0.0000	11707
18	53944807	0.0000	11890
18	53944938	0.0000	12021
18	53945379	0.0012	12462
18	53945571	0.0012	12654
18	53945701	0.0004	12784
18	53946021	0.0000	13104
18	53946084	0.0000	13167
18	53946368	0.0004	13451
18	53946446	0.0004	13529
18	53947130	0.0000	14213
18	53947247	0.0012	14330
18	53947862	0.0012	14945
18	53947895	0.0004	14978
18	53948123	0.0004	15206
18	53948490	74.0000	15573
18	53948739	0.0000	0
18	53949719	0.0000	980
18	53949784	0.0000	1045
18	53949791	0.0000	1052
18	53949994	0.0000	1255
18	53950165	0.0000	1426
18	53950974	0.0000	2235
18	53951202	0.0000	2463
18	53951230	0.0000	2491
18	53951312	0.0000	2573
18	53951351	0.0000	2612
18	53951616	0.0012	2877
18	53952107	0.0012	3368
18	53952232	0.0000	3493
18	53952289	0.0004	3550
18	53952661	0.0004	3922
18	53952790	0.0000	4051
18	53952821	0.0000	4082
18	53952874	0.0000	4135
18	53953035	0.0000	4296
18	53953236	0.0000	4497
18	53953620	0.0000	4881
18	53953821	0.0000	5082
18	53953974	0.0004	5235
18	53954147	0.0004	5408
18	53954803	0.0000	6064
18	53954808	0.0012	6069
18	53955020	0.0012	6281
18	53955026	0.0008	6287
18	53955158	29.0000	6419
18	53959949	0.0000	0
18	53960294	0.0000	345
18	53960449	0.0000	500
18	53962086	0.0000	2137
18	53962169	0.0000	2220
18	53962233	0.0000	2284
18	53962281	0.0000	2332
18	53962507	0.0000	2558
18	53962511	0.0000	2562
18	53962625	0.0000	2676
18	53962763	0.0000	2814
18	53962772	0.0000	2823
18	53962802	0.0004	2853
18	53962846	0.0004	2897
18	53962983	0.0000	3034
18	53962984	0.0000	3035
18	53962992	0.0008	3043
18	53963024	0.0008	3075
18	53963533	0.0000	3584
18	53963914	0.0000	3965
18	53964506	0.0004	4557
18	53964571	0.0004	4622
18	53965371	0.0000	5422
18	53965889	0.0000	5940
18	53965930	0.0000	5981
18	53966140	0.0000	6191
18	53966171	0.0000	6222
18	53966294	0.0000	6345
18	53966503	0.0000	6554
18	53966554	0.0000	6605
18	53966854	0.0000	6905
18	53967454	0.0004	7505
18	53967544	0.0004	7595
18	53968121	0.0000	8172
18	53969068	0.0000	9119
18	53969233	0.0000	9284
18	53970049	0.0000	10100
18	53970211	0.0000	10262
18	53970382	0.0000	10433
18	53970746	0.0000	10797
18	53971309	0.0000	11360
18	53971750	0.0000	11801
18	53972002	0.0000	12053
18	53972367	0.0000	12418
18	53972390	0.0004	12441
18	53972435	0.0004	12486
18	53973039	0.0000	13090
18	53973452	0.0000	13503
18	53973832	0.0000	13883
18	53974128	0.0004	14179
18	53974393	0.0004	14444
18	53974654	0.0004	14705
18	53974707	0.0004	14758
18	53975272	0.0000	15323
18	53975830	0.0000	15881
18	53976035	0.0000	16086
18	53976401	0.0000	16452
18	53976474	0.0000	16525
18	53976636	0.0000	16687
18	53976778	0.0000	16829
18	53976881	0.0000	16932
18	53976882	0.0000	16933
18	53977067	0.0000	17118
18	53977103	0.0000	17154
18	53977117	0.0000	17168
18	53977134	0.0000	17185
18	53977269	0.0000	17320
18	53977293	0.0000	17344
18	53977612	0.0000	17663
18	53977783	0.0000	17834
18	53977798	0.0000	17849
18	53977802	0.0008	17853
18	53978223	0.0008	18274
18	53978562	0.0000	18613
18	53978568	0.0000	18619
18	53978904	0.0004	18955
18	53979114	0.0008	19165
18	53979135	0.0004	19186
18	53979648	0.0000	19699
18	53979669	0.0000	19720
18	53979761	0.0000	19812
18	53979848	0.0004	19899
18	53979881	0.0004	19932
18	53979952	0.0000	20003
18	53980052	0.0000	20103
18	53980443	0.0000	20494
18	53980529	0.0000	20580
18	53980599	0.0000	20650
18	53981023	0.0004	21074
18	53981850	0.0004	21901
18	53981865	0.0004	21916
18	53981907	0.0000	21958
18	53982178	0.0000	22229
18	53982288	0.0012	22339
18	53982481	0.0012	22532
18	53982704	0.0000	22755
18	53982974	0.0000	23025
18	53982995	0.0000	23046
18	53983267	0.0000	23318
18	53983362	0.0000	23413
18	53983456	0.0000	23507
18	53983494	0.0000	23545
18	53984014	0.0000	24065
18	53984176	103.0000	24227
18	54367790	0.0004	0
18	54367958	0.0004	168
18	54368161	0.0004	371
18	54368283	0.0000	493
18	54368477	0.0004	687
18	54368799	0.0004	1009
18	54369044	0.0000	1254
18	54370192	0.0000	2402
18	54371683	0.0004	3893
18	54371705	0.0004	3915
18	54371962	0.0000	4172
18	54371963	0.0008	4173
18	54375109	0.0008	7319
18	54375719	0.0012	7929
18	54379430	0.0008	11640
18	54382033	0.0000	14243
18	54382036	0.0004	14246
18	54382827	0.0004	15037
18	54383124	0.0000	15334
18	54383245	0.0004	15455
18	54383399	0.0004	15609
18	54386500	0.0000	18710
18	54386834	0.0008	19044
18	54387113	0.0004	19323
18	54389403	0.0008	21613
18	54391244	0.0000	23454
18	54392472	0.0004	24682
18	54395145	27.0000	27355
18	57850448	0.0000	0
18	57850852	0.0004	404
18	57851014	0.0004	566
18	57851041	0.0000	593
18	57851076	0.0004	628
18	57851286	0.0004	838
18	57851287	0.0004	839
18	57851604	0.0004	1156
18	57851834	0.0004	1386
18	57851936	0.0004	1488
18	57852062	0.0004	1614
18	57852346	0.0012	1898
18	57852448	0.0012	2000
18	57852569	0.0000	2121
18	57852598	0.0000	2150
18	57852638	0.0004	2190
18	57853464	0.0000	3016
18	57853465	0.0008	3017
18	57853539	0.0008	3091
18	57853716	0.0008	3268
18	57853901	0.0000	3453
18	57854295	0.0000	3847
18	57854558	0.0000	4110
18	57855933	23.0000	5485
18	58057963	0.0008	0
18	58058551	0.0000	588
18	58058588	0.0000	625
18	58058626	0.0000	663
18	58058693	0.0004	730
18	58058724	0.0004	761
18	58058873	0.0000	910
18	58058920	0.0004	957
18	58058957	0.0004	994
18	58059349	0.0000	1386
18	58059472	0.0000	1509
18	58059551	0.0012	1588
18	58059689	0.0004	1726
18	58059850	0.0012	1887
18	58060379	0.0000	2416
18	58060907	0.0000	2944
18	58060909	0.0000	2946
18	58061002	0.0000	3039
18	58061086	0.0000	3123
18	58061220	0.0000	3257
18	58061436	0.0000	3473
18	58061511	0.0000	3548
18	58061617	0.0012	3654
18	58062312	23.0000	4349
18	63578873	0.0000	0
18	63578954	0.0004	81
18	63579396	0.0000	523
18	63579417	0.0004	544
18	63579441	0.0008	568
18	63579695	0.0000	822
18	63579742	0.0000	869
18	63579777	0.0000	904
18	63579810	0.0004	937
18	63579879	0.0004	1006
18	63580080	0.0004	1207
18	63580328	0.0000	1455
18	63580399	0.0004	1526
18	63580414	0.0008	1541
18	63580473	0.0008	1600
18	63580499	0.0000	1626
18	63580579	0.0000	1706
18	63580585	0.0000	1712
18	63581210	0.0000	2337
18	63581294	0.0000	2421
18	63581311	0.0000	2438
18	63581329	0.0000	2456
18	63581332	0.0000	2459
18	63581335	0.0004	2462
18	63581337	0.0004	2464
18	63582089	0.0012	3216
18	63582435	0.0004	3562
18	63582653	0.0004	3780
18	63582833	28.0000	3960
18	63704107	0.0000	0
18	63704111	0.0004	4
18	63704206	0.0000	99
18	63704314	0.0000	207
18	63704813	0.0000	706
18	63704931	0.0000	824
18	63705621	0.0000	1514
18	63706113	0.0000	2006
18	63706361	0.0000	2254
18	63706393	0.0000	2286
18	63707338	0.0004	3231
18	63707831	0.0004	3724
18	63708021	0.0000	3914
18	63708285	0.0000	4178
18	63709461	0.0004	5354
18	63709598	0.0004	5491
18	63711509	0.0008	7402
18	63712265	0.0012	8158
18	63713123	0.0004	9016
18	63713412	0.0000	9305
18	63713910	0.0000	9803
18	63714033	0.0000	9926
18	63714085	0.0008	9978
18	63714327	0.0012	10220
18	63714476	0.0008	10369
18	63714648	0.0004	10541
18	63715062	0.0004	10955
18	63715189	0.0004	11082
18	63715376	0.0000	11269
18	63715607	0.0000	11500
18	63716448	0.0000	12341
18	63716596	0.0000	12489
18	63716660	0.0000	12553
18	63717155	0.0004	13048
18	63717626	0.0008	13519
18	63717746	0.0012	13639
18	63719160	0.0012	15053
18	63719717	0.0004	15610
18	63720078	0.0000	15971
18	63720099	0.0004	15992
18	63720155	0.0000	16048
18	63720370	0.0000	16263
18	63720445	0.0000	16338
18	63720750	0.0000	16643
18	63720818	0.0004	16711
18	63721489	0.0000	17382
18	63721511	0.0008	17404
18	63721592	0.0000	17485
18	63721698	0.0000	17591
18	63721809	0.0008	17702
18	63721960	50.0000	17853
18	63723415	0.0004	0
18	63723599	0.0012	184
18	63723994	0.0000	579
18	63724463	0.0000	1048
18	63724733	0.0004	1318
18	63725770	0.0004	2355
18	63726128	0.0000	2713
18	63726152	0.0000	2737
18	63726410	0.0000	2995
18	63726600	0.0000	3185
18	63726906	0.0008	3491
18	63727169	0.0004	3754
18	63727375	0.0000	3960
18	63727483	0.0012	4068
18	63727622	0.0012	4207
18	63728029	0.0000	4614
18	63728083	0.0004	4668
18	63728136	0.0004	4721
18	63728241	0.0000	4826
18	63728325	0.0004	4910
18	63729128	0.0000	5713
18	63729149	0.0000	5734
18	63730017	0.0000	6602
18	63730202	0.0000	6787
18	63730204	0.0004	6789
18	63730485	0.0000	7070
18	63730634	0.0012	7219
18	63730914	0.0012	7499
18	63731692	0.0000	8277
18	63731964	0.0004	8549
18	63732027	0.0004	8612
18	63732286	0.0004	8871
18	63733019	0.0012	9604
18	63733051	0.0012	9636
18	63733514	0.0008	10099
18	63733542	0.0008	10127
18	63733590	0.0012	10175
18	63733656	0.0012	10241
18	63733711	0.0008	10296
18	63733927	0.0000	10512
18	63733951	40.0000	10536
18	63819711	0.0008	0
18	63819745	0.0000	34
18	63819747	0.0004	36
18	63819847	0.0008	136
18	63820573	0.0000	862
18	63820616	0.0000	905
18	63820675	0.0000	964
18	63820748	0.0000	1037
18	63821631	0.0004	1920
18	63821762	0.0004	2051
18	63821870	0.0000	2159
18	63821879	0.0000	2168
18	63821923	0.0000	2212
18	63821954	0.0000	2243
18	63822044	0.0000	2333
18	63822099	0.0000	2388
18	63822337	0.0004	2626
18	63822566	0.0004	2855
18	63822657	0.0000	2946
18	63822662	0.0000	2951
18	63822707	0.0000	2996
18	63823415	0.0000	3704
18	63823535	0.0000	3824
18	63823831	0.0000	4120
18	63823908	0.0000	4197
18	63824096	0.0008	4385
18	63824154	0.0008	4443
18	63824305	0.0000	4594
18	63824306	0.0000	4595
18	63824443	0.0000	4732
18	63824444	0.0000	4733
18	63824534	0.0000	4823
18	63824569	0.0004	4858
18	63824798	0.0004	5087
18	63824898	0.0000	5187
18	63824995	0.0000	5284
18	63825035	0.0000	5324
18	63825076	0.0000	5365
18	63825118	0.0000	5407
18	63825253	0.0000	5542
18	63825402	0.0000	5691
18	63825467	0.0000	5756
18	63825512	0.0000	5801
18	63825768	0.0000	6057
18	63825928	0.0000	6217
18	63826227	0.0000	6516
18	63827393	0.0000	7682
18	63827522	0.0000	7811
18	63828760	0.0000	9049
18	63829172	0.0000	9461
18	63829444	50.0000	9733
18	63897376	0.0004	0
18	63897545	0.0008	169
18	63897974	0.0004	598
18	63898303	0.0000	927
18	63898486	0.0000	1110
18	63898509	0.0000	1133
18	63898515	0.0000	1139
18	63898576	0.0008	1200
18	63898691	0.0000	1315
18	63898693	0.0004	1317
18	63899247	0.0000	1871
18	63899304	0.0000	1928
18	63899498	0.0000	2122
18	63900226	0.0000	2850
18	63900247	0.0004	2871
18	63900422	0.0008	3046
18	63900547	0.0004	3171
18	63901080	0.0000	3704
18	63902309	0.0008	4933
18	63903269	0.0000	5893
18	63903295	0.0004	5919
18	63903748	0.0000	6372
18	63903965	0.0000	6589
18	63904288	0.0000	6912
18	63907998	24.0000	10622
18	63925542	0.0000	0
18	63925833	0.0000	291
18	63926227	0.0004	685
18	63926247	0.0004	705
18	63926385	0.0000	843
18	63926519	0.0000	977
18	63926600	0.0012	1058
18	63928551	0.0012	3009
18	63929586	0.0000	4044
18	63929587	0.0004	4045
18	63930300	0.0004	4758
18	63930504	0.0008	4962
18	63930843	0.0004	5301
18	63930976	0.0000	5434
18	63931215	0.0004	5673
18	63931721	0.0004	6179
18	63931810	0.0000	6268
18	63932114	0.0000	6572
18	63932267	0.0000	6725
18	63932852	0.0000	7310
18	63933150	0.0000	7608
18	63934217	21.0000	8675
18	64597766	0.0004	0
18	64598346	0.0000	580
18	64598380	0.0000	614
18	64599223	0.0000	1457
18	64599336	0.0000	1570
18	64599408	0.0000	1642
18	64599609	0.0000	1843
18	64599688	0.0004	1922
18	64599769	0.0004	2003
18	64599986	0.0000	2220
18	64600103	0.0000	2337
18	64600788	0.0000	3022
18	64600851	0.0000	3085
18	64600871	0.0000	3105
18	64600900	0.0000	3134
18	64601004	0.0004	3238
18	64601072	0.0004	3306
18	64601345	0.0000	3579
18	64601581	0.0004	3815
18	64601836	0.0000	4070
18	64601952	0.0000	4186
18	64601974	0.0000	4208
18	64602130	0.0000	4364
18	64602838	0.0004	5072
18	64602847	0.0004	5081
18	64603184	0.0000	5418
18	64603461	0.0000	5695
18	64604031	0.0000	6265
18	64604080	0.0000	6314
18	64604347	0.0000	6581
18	64604841	0.0000	7075
18	64604976	0.0000	7210
18	64605129	0.0000	7363
18	64605570	0.0004	7804
18	64606625	0.0000	8859
18	64606957	0.0004	9191
18	64607125	0.0008	9359
18	64607475	0.0008	9709
18	64607692	0.0000	9926
18	64608011	0.0000	10245
18	64608256	0.0012	10490
18	64608748	0.0000	10982
18	64608754	42.0000	10988
18	64706148	0.0012	0
18	64706405	0.0000	257
18	64706493	0.0012	345
18	64708505	0.0000	2357
18	64709104	0.0000	2956
18	64709847	0.0004	3699
18	64710205	0.0008	4057
18	64711290	0.0004	5142
18	64711747	0.0004	5599
18	64711795	0.0004	5647
18	64712039	0.0000	5891
18	64712342	0.0004	6194
18	64712528	0.0004	6380
18	64712987	0.0004	6839
18	64714580	0.0004	8432
18	64714864	0.0004	8716
18	64715034	0.0000	8886
18	64715687	0.0004	9539
18	64717152	0.0000	11004
18	64717186	0.0000	11038
18	64717396	0.0000	11248
18	64718228	0.0004	12080
18	64718354	0.0004	12206
18	64719071	0.0000	12923
18	64720155	0.0000	14007
18	64720844	25.0000	14696
18	65239592	0.0004	0
18	65240418	0.0004	826
18	65240444	0.0004	852
18	65240595	0.0004	1003
18	65240863	0.0004	1271
18	65241259	0.0004	1667
18	65242309	0.0004	2717
18	65243536	0.0008	3944
18	65243721	0.0004	4129
18	65244093	0.0004	4501
18	65244759	0.0008	5167
18	65245034	0.0004	5442
18	65245308	0.0000	5716
18	65245343	0.0000	5751
18	65246046	0.0000	6454
18	65247119	0.0000	7527
18	65247276	0.0000	7684
18	65247511	0.0000	7919
18	65247632	0.0000	8040
18	65248437	0.0000	8845
18	65248729	0.0000	9137
18	65248758	0.0000	9166
18	65248769	0.0000	9177
18	65249496	0.0000	9904
18	65249700	0.0000	10108
18	65250054	0.0004	10462
18	65250676	0.0004	11084
18	65250970	0.0004	11378
18	65251019	0.0004	11427
18	65251522	0.0000	11930
18	65251665	0.0000	12073
18	65251981	0.0000	12389
18	65252201	0.0000	12609
18	65252368	0.0004	12776
18	65253183	0.0000	13591
18	65253207	0.0008	13615
18	65253550	0.0004	13958
18	65253770	0.0004	14178
18	65254105	0.0004	14513
18	65254220	0.0000	14628
18	65254222	40.0000	14630
18	65701109	0.0008	0
18	65701152	0.0004	43
18	65701716	0.0004	607
18	65706054	0.0000	4945
18	65706498	0.0004	5389
18	65710259	0.0004	9150
18	65713875	0.0000	12766
18	65713990	0.0000	12881
18	65714413	0.0000	13304
18	65714622	0.0000	13513
18	65714686	0.0000	13577
18	65715147	0.0000	14038
18	65715201	0.0000	14092
18	65715303	0.0000	14194
18	65716784	0.0000	15675
18	65716937	0.0000	15828
18	65717335	0.0000	16226
18	65717470	0.0000	16361
18	65717587	0.0000	16478
18	65719109	0.0000	18000
18	65719218	0.0008	18109
18	65719275	0.0008	18166
18	65720022	0.0000	18913
18	65720892	0.0000	19783
18	65721739	0.0000	20630
18	65723082	0.0000	21973
18	65723946	0.0004	22837
18	65724319	0.0004	23210
18	65725044	28.0000	23935
18	66012300	0.0000	0
18	66012392	0.0004	92
18	66012632	0.0004	332
18	66012875	0.0000	575
18	66012972	0.0000	672
18	66013073	0.0000	773
18	66013298	0.0004	998
18	66014553	0.0004	2253
18	66014676	0.0004	2376
18	66014876	0.0004	2576
18	66014928	0.0004	2628
18	66014996	0.0000	2696
18	66015029	0.0004	2729
18	66015105	0.0012	2805
18	66015730	0.0000	3430
18	66016230	0.0004	3930
18	66016372	0.0008	4072
18	66018903	0.0000	6603
18	66018968	0.0004	6668
18	66019169	0.0000	6869
18	66019582	0.0000	7282
18	66019850	0.0000	7550
18	66019900	0.0004	7600
18	66020075	0.0004	7775
18	66020376	0.0004	8076
18	66020391	0.0008	8091
18	66020518	0.0008	8218
18	66021149	0.0004	8849
18	66021231	0.0000	8931
18	66021568	0.0000	9268
18	66021819	0.0000	9519
18	66021918	0.0000	9618
18	66022570	0.0000	10270
18	66022913	0.0000	10613
18	66023072	0.0000	10772
18	66023161	0.0000	10861
18	66023237	0.0008	10937
18	66023282	37.0000	10982
18	66024150	0.0012	0
18	66024189	0.0000	39
18	66024257	0.0004	107
18	66024731	0.0000	581
18	66024772	0.0000	622
18	66024791	0.0004	641
18	66025073	0.0004	923
18	66025131	0.0000	981
18	66025152	0.0004	1002
18	66025373	0.0004	1223
18	66025955	0.0004	1805
18	66026630	0.0004	2480
18	66027248	0.0004	3098
18	66028068	0.0004	3918
18	66028332	0.0004	4182
18	66028490	0.0008	4340
18	66028588	0.0008	4438
18	66028925	0.0012	4775
18	66030692	0.0004	6542
18	66030797	0.0004	6647
18	66030818	0.0000	6668
18	66031114	0.0012	6964
18	66031225	0.0008	7075
18	66031432	0.0000	7282
18	66031437	0.0000	7287
18	66031465	0.0012	7315
18	66031502	26.0000	7352
18	66125933	0.0000	0
18	66126039	0.0004	106
18	66126087	0.0004	154
18	66126211	0.0000	278
18	66126578	0.0000	645
18	66126799	0.0000	866
18	66126808	0.0000	875
18	66126809	0.0000	876
18	66127430	0.0000	1497
18	66127492	0.0000	1559
18	66127547	0.0000	1614
18	66127873	0.0000	1940
18	66128139	0.0000	2206
18	66128267	0.0004	2334
18	66128544	0.0004	2611
18	66128656	0.0000	2723
18	66128823	0.0000	2890
18	66129082	0.0000	3149
18	66129445	0.0000	3512
18	66130185	0.0000	4252
18	66130288	0.0000	4355
18	66130868	0.0000	4935
18	66131147	22.0000	5214
18	66170708	0.0004	0
18	66171057	0.0004	349
18	66171151	0.0000	443
18	66171155	0.0000	447
18	66171567	0.0004	859
18	66171684	0.0004	976
18	66171743	0.0008	1035
18	66171815	0.0008	1107
18	66172044	0.0008	1336
18	66172065	0.0004	1357
18	66172302	0.0004	1594
18	66172614	0.0004	1906
18	66172977	0.0004	2269
18	66173154	0.0000	2446
18	66173164	0.0004	2456
18	66173176	0.0004	2468
18	66173210	0.0004	2502
18	66173301	0.0008	2593
18	66173602	0.0004	2894
18	66173731	0.0000	3023
18	66174178	0.0000	3470
18	66174345	0.0004	3637
18	66174653	0.0004	3945
18	66174768	0.0000	4060
18	66175305	0.0000	4597
18	66175396	0.0000	4688
18	66175401	0.0000	4693
18	66175453	0.0000	4745
18	66175534	0.0000	4826
18	66175698	0.0000	4990
18	66176078	0.0008	5370
18	66176448	0.0008	5740
18	66176536	0.0008	5828
18	66176606	0.0004	5898
18	66176745	0.0000	6037
18	66176781	0.0004	6073
18	66176960	0.0012	6252
18	66177643	0.0004	6935
18	66177762	0.0000	7054
18	66177779	0.0000	7071
18	66177975	0.0000	7267
18	66178034	0.0004	7326
18	66178075	0.0008	7367
18	66178083	43.0000	7375
18	66178765	0.0008	0
18	66178870	0.0000	105
18	66179276	0.0000	511
18	66179351	0.0000	586
18	66179408	0.0000	643
18	66179421	0.0000	656
18	66179573	0.0000	808
18	66179888	0.0000	1123
18	66179956	0.0004	1191
18	66180052	0.0000	1287
18	66180107	0.0000	1342
18	66180138	0.0000	1373
18	66180214	0.0004	1449
18	66180361	0.0004	1596
18	66180427	0.0008	1662
18	66180460	0.0000	1695
18	66180546	0.0000	1781
18	66180598	0.0004	1833
18	66180660	0.0004	1895
18	66180894	0.0004	2129
18	66180933	0.0004	2168
18	66181208	0.0008	2443
18	66181696	0.0004	2931
18	66181917	0.0004	3152
18	66182443	0.0004	3678
18	66182717	0.0012	3952
18	66183011	0.0008	4246
18	66183673	0.0000	4908
18	66183727	0.0004	4962
18	66183853	0.0000	5088
18	66186203	30.0000	7438
18	67064868	0.0000	0
18	67064897	0.0000	29
18	67064945	0.0004	77
18	67065397	0.0000	529
18	67065428	0.0000	560
18	67065639	0.0000	771
18	67065664	0.0004	796
18	67066421	0.0000	1553
18	67066800	0.0004	1932
18	67066937	0.0004	2069
18	67067042	0.0008	2174
18	67067416	0.0004	2548
18	67067666	0.0008	2798
18	67067884	0.0012	3016
18	67067958	0.0008	3090
18	67067997	0.0012	3129
18	67068029	0.0000	3161
18	67068042	0.0004	3174
18	67068096	0.0008	3228
18	67068419	0.0012	3551
18	67068856	0.0000	3988
18	67068872	0.0000	4004
18	67069238	0.0004	4370
18	67069979	0.0008	5111
18	67070044	0.0012	5176
18	67070176	0.0012	5308
18	67070423	0.0012	5555
18	67070864	0.0000	5996
18	67071244	0.0004	6376
18	67071270	0.0004	6402
18	67071511	0.0000	6643
18	67071528	0.0012	6660
18	67071637	0.0004	6769
18	67071718	0.0008	6850
18	67071719	0.0008	6851
18	67072245	0.0012	7377
18	67072376	0.0004	7508
18	67072968	0.0004	8100
18	67073155	0.0004	8287
18	67073252	0.0008	8384
18	67073284	0.0008	8416
18	67073416	0.0000	8548
18	67073713	0.0004	8845
18	67073876	0.0004	9008
18	67074532	0.0004	9664
18	67074723	45.0000	9855
18	67941668	0.0000	0
18	67941672	0.0004	4
18	67941759	0.0004	91
18	67941834	0.0004	166
18	67941890	0.0000	222
18	67942153	0.0000	485
18	67942168	0.0004	500
18	67942306	0.0004	638
18	67942436	0.0004	768
18	67942509	0.0000	841
18	67942510	0.0000	842
18	67942523	0.0000	855
18	67942742	0.0000	1074
18	67943632	0.0004	1964
18	67943839	0.0000	2171
18	67943908	0.0000	2240
18	67943931	0.0004	2263
18	67943957	0.0004	2289
18	67944062	0.0004	2394
18	67944510	0.0000	2842
18	67944694	0.0000	3026
18	67944783	0.0004	3115
18	67944922	0.0000	3254
18	67945893	0.0004	4225
18	67946264	0.0004	4596
18	67947515	0.0004	5847
18	67947710	0.0000	6042
18	67948030	0.0000	6362
18	67948144	0.0004	6476
18	67948546	0.0004	6878
18	67948650	0.0000	6982
18	67948672	0.0000	7004
18	67948701	0.0012	7033
18	67948827	33.0000	7159
18	68200713	0.0012	0
18	68201021	0.0012	308
18	68201313	0.0000	600
18	68201375	0.0008	662
18	68202198	0.0004	1485
18	68202483	0.0000	1770
18	68203229	0.0000	2516
18	68203342	0.0008	2629
18	68204210	0.0008	3497
18	68205558	0.0000	4845
18	68205599	0.0004	4886
18	68205700	0.0004	4987
18	68205866	0.0000	5153
18	68205962	0.0004	5249
18	68205992	0.0004	5279
18	68206840	0.0000	6127
18	68206851	0.0000	6138
18	68206954	0.0000	6241
18	68207127	0.0000	6414
18	68207822	0.0000	7109
18	68208839	20.0000	8126
18	68370857	0.0000	0
18	68370879	0.0000	22
18	68370911	0.0000	54
18	68370925	0.0000	68
18	68371597	0.0000	740
18	68371900	0.0000	1043
18	68372069	0.0004	1212
18	68372144	0.0000	1287
18	68372253	0.0004	1396
18	68372654	0.0004	1797
18	68372835	0.0012	1978
18	68373156	0.0004	2299
18	68373246	0.0000	2389
18	68373342	0.0000	2485
18	68373362	0.0000	2505
18	68373466	0.0000	2609
18	68373477	0.0000	2620
18	68373490	0.0000	2633
18	68373509	0.0000	2652
18	68373607	0.0000	2750
18	68373665	0.0000	2808
18	68373770	0.0000	2913
18	68373793	0.0000	2936
18	68373828	0.0000	2971
18	68373874	0.0004	3017
18	68373880	25.0000	3023
18	68600910	0.0004	0
18	68601132	0.0008	222
18	68601332	0.0012	422
18	68601802	0.0004	892
18	68602041	0.0000	1131
18	68602335	0.0000	1425
18	68602371	0.0000	1461
18	68602776	0.0000	1866
18	68603544	0.0008	2634
18	68604529	0.0004	3619
18	68604780	0.0008	3870
18	68604884	0.0004	3974
18	68605010	0.0004	4100
18	68605077	0.0004	4167
18	68605115	0.0012	4205
18	68605325	0.0012	4415
18	68606664	0.0012	5754
18	68606771	0.0008	5861
18	68606776	0.0008	5866
18	68606838	0.0008	5928
18	68607033	0.0004	6123
18	68607095	0.0012	6185
18	68607349	0.0008	6439
18	68607931	23.0000	7021
18	68817717	0.0008	0
18	68817843	0.0000	126
18	68817961	0.0004	244
18	68818063	0.0004	346
18	68818068	0.0008	351
18	68818070	0.0008	353
18	68818312	0.0000	595
18	68818467	0.0000	750
18	68818579	0.0000	862
18	68818610	0.0000	893
18	68818715	0.0000	998
18	68818905	0.0000	1188
18	68818964	0.0000	1247
18	68818976	0.0000	1259
18	68819026	0.0000	1309
18	68819368	0.0000	1651
18	68820074	0.0000	2357
18	68820080	0.0008	2363
18	68820216	0.0008	2499
18	68820388	0.0000	2671
18	68820571	0.0000	2854
18	68820877	0.0000	3160
18	68821429	0.0000	3712
18	68821780	0.0004	4063
18	68822319	0.0008	4602
18	68822646	0.0004	4929
18	68822662	26.0000	4945
18	71077247	0.0004	0
18	71077519	0.0008	272
18	71078557	0.0004	1310
18	71078629	0.0000	1382
18	71078711	0.0000	1464
18	71078717	0.0012	1470
18	71078981	0.0000	1734
18	71079036	0.0004	1789
18	71079160	0.0004	1913
18	71080283	0.0000	3036
18	71081071	0.0000	3824
18	71081374	0.0000	4127
18	71081764	0.0000	4517
18	71081804	0.0004	4557
18	71081859	0.0008	4612
18	71082035	0.0004	4788
18	71082087	0.0008	4840
18	71082139	0.0004	4892
18	71082217	0.0008	4970
18	71083019	0.0008	5772
18	71083300	20.0000	6053
18	71260963	0.0000	0
18	71263055	0.0008	2092
18	71263916	0.0000	2953
18	71264692	0.0012	3729
18	71265339	0.0008	4376
18	71265414	0.0000	4451
18	71265618	0.0004	4655
18	71265953	0.0004	4990
18	71268911	0.0008	7948
18	71271374	0.0004	10411
18	71271529	0.0000	10566
18	71271923	0.0000	10960
18	71271986	0.0012	11023
18	71272386	0.0012	11423
18	71272936	0.0004	11973
18	71273915	0.0012	12952
18	71274381	0.0008	13418
18	71276919	0.0004	15956
18	71277480	0.0004	16517
18	71277971	0.0000	17008
18	71278114	0.0000	17151
18	71278450	0.0000	17487
18	71278455	0.0004	17492
18	71278859	23.0000	17896
18	72131079	0.0000	0
18	72131574	0.0000	495
18	72132013	0.0008	934
18	72132464	0.0008	1385
18	72133244	0.0008	2165
18	72134484	0.0008	3405
18	72134834	0.0008	3755
18	72135061	0.0004	3982
18	72135282	0.0000	4203
18	72135641	0.0000	4562
18	72135917	0.0000	4838
18	72136473	0.0008	5394
18	72137016	0.0008	5937
18	72137885	0.0008	6806
18	72138283	0.0008	7204
18	72138917	0.0008	7838
18	72139333	0.0008	8254
18	72139462	0.0000	8383
18	72140848	0.0004	9769
18	72141918	0.0004	10839
18	72142789	0.0000	11710
18	72142990	0.0000	11911
18	72143023	0.0000	11944
18	72143271	0.0000	12192
18	72143535	0.0000	12456
18	72143832	0.0000	12753
18	72146275	0.0000	15196
18	72146370	0.0000	15291
18	72146644	0.0000	15565
18	72148282	0.0008	17203
18	72150061	0.0000	18982
18	72150259	0.0000	19180
18	72151063	0.0008	19984
18	72151399	0.0012	20320
18	72152238	34.0000	21159
18	72332710	0.0012	0
18	72333357	0.0000	647
18	72333378	0.0000	668
18	72333546	0.0004	836
18	72333642	0.0004	932
18	72333947	0.0012	1237
18	72334325	0.0008	1615
18	72334519	0.0008	1809
18	72334549	0.0012	1839
18	72334661	0.0000	1951
18	72334669	0.0004	1959
18	72334746	0.0012	2036
18	72335086	0.0000	2376
18	72335133	0.0000	2423
18	72335209	0.0004	2499
18	72335336	0.0000	2626
18	72335346	0.0004	2636
18	72335353	0.0004	2643
18	72335397	0.0004	2687
18	72335513	0.0004	2803
18	72335663	0.0000	2953
18	72335668	0.0004	2958
18	72335749	0.0000	3039
18	72335830	0.0000	3120
18	72335888	0.0004	3178
18	72335893	0.0008	3183
18	72335941	0.0004	3231
18	72336171	0.0004	3461
18	72336184	0.0000	3474
18	72336185	0.0004	3475
18	72336196	0.0000	3486
18	72336377	0.0008	3667
18	72336417	0.0000	3707
18	72336418	0.0008	3708
18	72336481	0.0008	3771
18	72336518	0.0004	3808
18	72336576	0.0004	3866
18	72336750	0.0004	4040
18	72336792	0.0000	4082
18	72336814	0.0004	4104
18	72336880	0.0000	4170
18	72337366	0.0004	4656
18	72337483	0.0000	4773
18	72337505	0.0000	4795
18	72337769	0.0000	5059
18	72337800	0.0000	5090
18	72337987	0.0008	5277
18	72338116	47.0000	5406
18	72355634	0.0000	0
18	72355743	0.0004	109
18	72358008	0.0000	2374
18	72358040	0.0004	2406
18	72358203	0.0008	2569
18	72358305	0.0004	2671
18	72358565	0.0004	2931
18	72358724	0.0004	3090
18	72359106	0.0004	3472
18	72359379	0.0000	3745
18	72359561	0.0000	3927
18	72359626	0.0000	3992
18	72359788	0.0008	4154
18	72360164	0.0008	4530
18	72360356	0.0004	4722
18	72360787	0.0004	5153
18	72361055	0.0004	5421
18	72362187	0.0012	6553
18	72362704	0.0012	7070
18	72363320	0.0004	7686
18	72363586	0.0008	7952
18	72364040	0.0000	8406
18	72364555	0.0000	8921
18	72364873	0.0012	9239
18	72365170	0.0000	9536
18	72365174	0.0012	9540
18	72365328	0.0004	9694
18	72365524	0.0008	9890
18	72365596	0.0004	9962
18	72365921	0.0000	10287
18	72365998	0.0004	10364
18	72366632	0.0004	10998
18	72366761	0.0004	11127
18	72367184	33.0000	11550
18	72368179	0.0012	0
18	72368420	0.0000	241
18	72368746	0.0004	567
18	72369007	0.0012	828
18	72369049	0.0012	870
18	72369501	0.0000	1322
18	72369825	0.0004	1646
18	72370037	0.0000	1858
18	72370046	0.0000	1867
18	72370173	0.0000	1994
18	72370319	0.0004	2140
18	72370348	0.0004	2169
18	72371889	0.0008	3710
18	72372678	0.0008	4499
18	72372863	0.0008	4684
18	72373967	0.0004	5788
18	72374530	0.0004	6351
18	72375516	0.0004	7337
18	72377194	0.0008	9015
18	72377453	0.0004	9274
18	72377990	20.0000	9811
18	74141311	0.0000	0
18	74141484	0.0000	173
18	74141594	0.0000	283
18	74141873	0.0004	562
18	74142529	0.0000	1218
18	74142701	0.0000	1390
18	74142775	0.0000	1464
18	74143107	0.0000	1796
18	74143398	0.0000	2087
18	74144000	0.0000	2689
18	74144122	0.0000	2811
18	74144302	0.0004	2991
18	74144805	0.0000	3494
18	74145153	0.0000	3842
18	74145651	0.0000	4340
18	74145782	0.0004	4471
18	74145959	0.0000	4648
18	74146280	0.0000	4969
18	74146367	0.0004	5056
18	74146779	0.0000	5468
18	74146783	0.0000	5472
18	74146871	0.0008	5560
18	74147461	0.0008	6150
18	74148251	0.0004	6940
18	74149043	0.0004	7732
18	74149176	0.0004	7865
18	74149296	0.0000	7985
18	74149376	0.0004	8065
18	74149447	0.0004	8136
18	74149726	0.0004	8415
18	74149758	0.0004	8447
18	74149926	0.0004	8615
18	74149966	0.0000	8655
18	74150004	0.0004	8693
18	74150250	0.0000	8939
18	74150303	0.0000	8992
18	74150485	36.0000	9174
18	76040403	0.0004	0
18	76040838	0.0004	435
18	76041204	0.0000	801
18	76041277	0.0004	874
18	76041297	0.0004	894
18	76041319	0.0000	916
18	76041685	0.0000	1282
18	76041987	0.0000	1584
18	76042027	0.0000	1624
18	76042294	0.0000	1891
18	76042301	0.0000	1898
18	76042307	0.0000	1904
18	76042377	0.0000	1974
18	76042450	0.0000	2047
18	76042725	0.0004	2322
18	76042947	0.0004	2544
18	76042984	0.0008	2581
18	76043392	0.0000	2989
18	76043457	0.0000	3054
18	76043488	0.0000	3085
18	76043498	20.0000	3095
18	76089329	0.0008	0
18	76089454	0.0008	125
18	76089582	0.0008	253
18	76090153	0.0000	824
18	76090316	0.0000	987
18	76090672	0.0000	1343
18	76090763	0.0000	1434
18	76091025	0.0000	1696
18	76092108	0.0000	2779
18	76092143	0.0000	2814
18	76093590	0.0000	4261
18	76093669	0.0000	4340
18	76093755	0.0000	4426
18	76095885	0.0000	6556
18	76096109	0.0000	6780
18	76096385	0.0008	7056
18	76096736	0.0008	7407
18	76098363	0.0000	9034
18	76098588	0.0004	9259
18	76099246	0.0000	9917
18	76099367	0.0000	10038
18	76099663	0.0000	10334
18	76099758	0.0000	10429
18	76099772	23.0000	10443
18	76102815	0.0000	0
18	76102838	0.0004	23
18	76103104	0.0004	289
18	76103329	0.0004	514
18	76103583	0.0000	768
18	76103876	0.0000	1061
18	76104340	0.0000	1525
18	76104342	0.0008	1527
18	76104649	0.0004	1834
18	76104666	0.0008	1851
18	76104840	0.0000	2025
18	76104858	0.0004	2043
18	76104932	0.0004	2117
18	76105084	0.0004	2269
18	76105177	0.0000	2362
18	76105182	0.0008	2367
18	76105259	0.0004	2444
18	76105289	0.0000	2474
18	76105290	0.0000	2475
18	76105320	0.0004	2505
18	76105347	0.0004	2532
18	76105560	0.0000	2745
18	76105582	0.0000	2767
18	76105637	0.0008	2822
18	76107773	0.0004	4958
18	76107797	0.0008	4982
18	76108226	26.0000	5411
18	77286830	0.0004	0
18	77286889	0.0008	59
18	77287008	0.0012	178
18	77287426	0.0012	596
18	77287876	0.0000	1046
18	77288039	0.0004	1209
18	77288358	0.0000	1528
18	77288389	0.0004	1559
18	77288798	0.0000	1968
18	77288919	0.0000	2089
18	77288967	0.0004	2137
18	77289024	0.0004	2194
18	77289237	0.0000	2407
18	77289487	0.0000	2657
18	77289691	0.0000	2861
18	77289827	0.0000	2997
18	77290107	0.0008	3277
18	77290279	0.0008	3449
18	77290352	0.0000	3522
18	77290394	0.0000	3564
18	77290800	0.0000	3970
18	77291076	0.0000	4246
18	77291155	0.0000	4325
18	77291175	23.0000	4345
18	77642093	0.0000	0
18	77642112	0.0000	19
18	77642292	0.0004	199
18	77642360	0.0004	267
18	77642744	0.0008	651
18	77643448	0.0008	1355
18	77643512	0.0004	1419
18	77643584	0.0004	1491
18	77643724	0.0000	1631
18	77643735	0.0004	1642
18	77643749	0.0012	1656
18	77643836	0.0004	1743
18	77643953	0.0004	1860
18	77644550	0.0000	2457
18	77644828	0.0000	2735
18	77644984	0.0012	2891
18	77645038	0.0012	2945
18	77645155	0.0004	3062
18	77645405	0.0000	3312
18	77645982	0.0000	3889
18	77645993	0.0000	3900
18	77646027	0.0000	3934
18	77646183	0.0000	4090
18	77646342	0.0004	4249
18	77646611	0.0004	4518
18	77646974	0.0000	4881
18	77646978	0.0000	4885
18	77647125	0.0004	5032
18	77647750	0.0000	5657
18	77647781	0.0000	5688
18	77647919	30.0000	5826
18	78350893	0.0012	0
18	78353055	0.0000	2162
18	78353138	0.0000	2245
18	78353545	0.0000	2652
18	78353546	0.0000	2653
18	78354164	0.0000	3271
18	78354275	0.0000	3382
18	78354308	0.0000	3415
18	78354647	0.0004	3754
18	78354815	0.0000	3922
18	78354843	0.0004	3950
18	78355086	0.0000	4193
18	78355091	0.0004	4198
18	78355117	0.0004	4224
18	78355154	0.0000	4261
18	78355465	0.0000	4572
18	78355493	0.0000	4600
18	78356273	0.0000	5380
18	78356297	0.0000	5404
18	78356459	0.0000	5566
18	78356463	0.0000	5570
18	78356501	0.0000	5608
18	78356686	0.0004	5793
18	78356783	0.0004	5890
18	78356890	0.0008	5997
18	78357199	0.0008	6306
18	78358449	0.0000	7556
18	78358676	27.0000	7783
18	78882559	0.0000	0
18	78883226	0.0000	667
18	78883237	0.0000	678
18	78883526	0.0000	967
18	78883645	0.0000	1086
18	78883916	0.0000	1357
18	78884284	0.0000	1725
18	78884497	0.0000	1938
18	78884895	0.0000	2336
18	78885637	0.0000	3078
18	78886228	0.0000	3669
18	78886539	0.0000	3980
18	78887010	0.0000	4451
18	78887841	0.0004	5282
18	78888210	0.0004	5651
18	78888522	0.0000	5963
18	78888827	0.0000	6268
18	78889111	0.0000	6552
18	78889695	0.0000	7136
18	78889763	0.0000	7204
18	78890677	0.0000	8118
18	78890702	0.0000	8143
18	78890954	0.0000	8395
18	78891113	0.0000	8554
18	78891126	0.0004	8567
18	78891199	0.0004	8640
18	78891361	0.0000	8802
18	78891467	27.0000	8908
