2	613154	618973	27	5819
2	622161	625057	21	2896
2	629510	639061	75	9551
2	1148065	1150769	34	2704
2	2602173	2607006	20	4833
2	3361841	3375743	31	13902
2	4565777	4582047	27	16270
2	5108801	5117072	20	8271
2	5573905	5583759	28	9854
2	5785648	5793761	22	8113
2	6137631	6154814	76	17183
2	6158194	6164239	27	6045
2	6487132	6493011	23	5879
2	7123520	7130114	24	6594
2	7609000	7615151	30	6151
2	9859489	9881330	29	21841
2	9885547	9906094	43	20547
2	9906154	9918717	22	12563
2	10566768	10575400	43	8632
2	10577422	10595752	51	18330
2	10596165	10611610	71	15445
2	10612251	10618449	31	6198
2	10788022	10796072	29	8050
2	10796583	10804285	29	7702
2	10806288	10811669	20	5381
2	12798159	12816994	26	18835
2	13068850	13078740	29	9890
2	13167409	13170376	28	2967
2	13171118	13188184	65	17066
2	13197129	13216253	81	19124
2	13241366	13265411	35	24045
2	13353944	13365242	28	11298
2	13680036	13686595	30	6559
2	14098125	14108716	37	10591
2	14219975	14225433	25	5458
2	14718029	14738144	26	20115
2	15023519	15027356	28	3837
2	15039912	15048317	27	8405
2	15062027	15066739	20	4712
2	15393148	15401125	24	7977
2	15514545	15552459	37	37914
2	16477809	16486308	36	8499
2	16533454	16548090	26	14636
2	16766293	16770019	28	3726
2	17203391	17214723	26	11332
2	17267909	17278726	24	10817
2	17290756	17300625	26	9869
2	17332155	17370669	26	38514
2	18410728	18413412	22	2684
2	18414519	18423644	54	9125
2	18424340	18427706	20	3366
2	18780583	18786176	25	5593
2	19132804	19144727	22	11923
2	19290006	19305969	37	15963
2	19601893	19608077	24	6184
2	21211354	21224855	25	13501
2	22024895	22061498	20	36603
2	22331497	22334109	24	2612
2	25003484	25009497	26	6013
2	25010186	25028103	23	17917
2	26193432	26245910	29	52478
2	26831053	26839130	25	8077
2	30462538	30482756	28	20218
2	33941588	33946630	24	5042
2	34955561	34969823	21	14262
2	35237139	35251209	25	14070
2	35512882	35516327	20	3445
2	35658805	35662209	22	3404
2	35662747	35667863	28	5116
2	35712353	35721912	25	9559
2	51299623	51312184	42	12561
2	57213487	57216432	24	2945
2	57225606	57230875	28	5269
2	57232481	57246513	57	14032
2	57246882	57267631	89	20749
2	63286778	63327724	58	40946
2	68183240	68231288	28	48048
2	68396142	68411467	44	15325
2	68671633	68676506	20	4873
2	68694309	68718020	41	23711
2	69619378	69629601	22	10223
2	69647283	69663437	29	16154
2	70823922	70826510	35	2588
2	76126399	76134683	32	8284
2	76134846	76142581	47	7735
2	76992341	76997666	27	5325
2	77244305	77252181	30	7876
2	77253128	77264227	43	11099
2	77630638	77638731	20	8093
2	81426895	81463350	69	36455
2	81796600	81805996	52	9396
2	81810446	81818397	24	7951
2	81819788	81822904	22	3116
2	81924386	81939810	31	15424
2	81943849	81968500	49	24651
2	82042933	82062256	61	19323
2	82062797	82074084	35	11287
2	82101302	82114125	26	12823
2	82456112	82507790	27	51678
2	82944526	82956883	26	12357
2	82963618	82974773	21	11155
2	82997993	83004237	26	6244
2	83004238	83017036	23	12798
2	83044808	83066543	94	21735
2	83410668	83449693	96	39025
2	83481768	83513042	27	31274
2	83701367	83716270	25	14903
2	83722120	83746128	37	24008
2	83817902	83830467	37	12565
2	83848565	83866483	23	17918
2	84056538	84063254	20	6716
2	85921673	85926881	20	5208
2	86156823	86196101	51	39278
2	88664030	88690328	29	26298
2	88773128	88775802	54	2674
2	88777848	88778998	42	1150
2	89777088	89779987	28	2899
2	89781728	89786401	59	4673
2	89791048	89793141	42	2093
2	89794431	89795472	24	1041
2	89795801	89798686	51	2885
2	89803038	89808257	50	5219
2	89841412	89850247	98	8835
2	91414259	91417072	24	2813
2	91783681	91789631	45	5950
2	91867104	91871753	45	4649
2	94539648	94541022	39	1374
2	94558370	94562219	36	3849
2	94567130	94568684	22	1554
2	95931997	95933391	36	1394
2	95934738	95936313	38	1575
2	95936803	95941106	92	4303
2	95941715	95943209	39	1494
2	95949829	95951165	36	1336
2	95951275	95953094	64	1819
2	98360891	98366335	24	5444
2	98487298	98531615	21	44317
2	98989590	99079821	42	90231
2	100353136	100368716	53	15580
2	100370397	100376450	24	6053
2	100442182	100465958	84	23776
2	100467126	100470979	30	3853
2	101330280	101344101	23	13821
2	101435645	101443737	48	8092
2	101450930	101454270	21	3340
2	101454343	101458349	21	4006
2	102199089	102224460	72	25371
2	102324539	102335007	20	10468
2	102350776	102356339	32	5563
2	102490110	102504430	31	14320
2	103509925	103541784	26	31859
2	104999238	105024644	33	25406
2	105049534	105055782	26	6248
2	105056539	105063034	20	6495
2	105764986	105768678	23	3692
2	106001625	106006908	27	5283
2	107064093	107070540	20	6447
2	107466737	107488398	49	21661
2	107668062	107685574	31	17512
2	108195588	108237049	23	41461
2	109311724	109317495	62	5771
2	110992344	111017061	24	24717
2	111845892	111868488	34	22596
2	111976403	111997669	35	21266
2	112289637	112291486	23	1849
2	112293934	112340122	33	46188
2	115092846	115121079	39	28233
2	115461298	115481172	23	19874
2	115497607	115520832	53	23225
2	116145206	116156833	57	11627
2	116470088	116474357	30	4269
2	116479586	116492461	48	12875
2	116497650	116510703	43	13053
2	116830824	116837099	31	6275
2	117373539	117394641	27	21102
2	117645069	117649546	34	4477
2	118698662	118712790	23	14128
2	120253586	120261668	20	8082
2	120707948	120713233	39	5285
2	121041014	121044820	24	3806
2	121114966	121119399	31	4433
2	121859196	121864446	23	5250
2	121907570	121925897	31	18327
2	121930150	121971392	59	41242
2	123075683	123086773	27	11090
2	123203841	123240145	34	36304
2	123412235	123436858	24	24623
2	124704995	124716129	62	11134
2	125388559	125395844	24	7285
2	125635491	125642770	21	7279
2	126051358	126093990	21	42632
2	128393670	128397567	21	3897
2	128398047	128402667	20	4620
2	128432683	128438391	27	5708
2	128567322	128574012	22	6690
2	128575542	128589848	78	14306
2	128744356	128750260	27	5904
2	128990036	128997512	20	7476
2	131431019	131434612	25	3593
2	131434777	131443604	56	8827
2	131444009	131446081	22	2072
2	131446162	131453125	23	6963
2	131473552	131484892	36	11340
2	131494112	131523673	144	29561
2	132100190	132111518	22	11328
2	132243816	132244791	40	975
2	132362013	132363896	23	1883
2	134737387	134764861	20	27474
2	135030072	135043031	22	12959
2	137209159	137223306	68	14147
2	137531370	137546097	23	14727
2	137695007	137704123	20	9116
2	137712794	137728118	20	15324
2	137728282	137740930	41	12648
2	138249117	138271680	41	22563
2	138986386	139023995	22	37609
2	139172742	139193605	65	20863
2	139633151	139657389	26	24238
2	141471835	141473683	22	1848
2	141474669	141478176	21	3507
2	142613245	142620369	36	7124
2	142622758	142633082	29	10324
2	142811725	142821536	32	9811
2	149148441	149153464	24	5023
2	149756210	149762110	21	5900
2	149765203	149771947	28	6744
2	150948603	150956386	30	7783
2	150967285	150980137	39	12852
2	151294882	151302945	30	8063
2	152250154	152282783	35	32629
2	152312031	152329961	27	17930
2	153261444	153276286	27	14842
2	155140435	155186694	26	46259
2	155498910	155508709	28	9799
2	155529202	155560126	26	30924
2	158337510	158350750	22	13240
2	158357125	158374287	25	17162
2	158415941	158445403	42	29462
2	158697348	158703322	26	5974
2	159619370	159653581	21	34211
2	159717614	159783459	65	65845
2	161648233	161670540	22	22307
2	162247601	162256002	25	8401
2	162822025	162861205	36	39180
2	164144628	164152711	21	8083
2	164167803	164181043	26	13240
2	164763521	164776245	25	12724
2	165007502	165025269	24	17767
2	165156869	165169165	47	12296
2	166029210	166047836	40	18626
2	166140331	166147608	37	7277
2	166589399	166605504	59	16105
2	166693355	166699460	24	6105
2	167152427	167186945	200	34518
2	169611181	169646409	41	35228
2	169661438	169694329	55	32891
2	171177368	171184450	23	7082
2	171452996	171484817	33	31821
2	172130195	172136330	21	6135
2	172191090	172203290	54	12200
2	172695943	172705845	21	9902
2	175716806	175720218	31	3412
2	177783882	177793317	21	9435
2	177814132	177820402	29	6270
2	179065574	179069088	29	3514
2	180040871	180050368	25	9497
2	180996357	181103935	139	107578
2	185280864	185300959	42	20095
2	185740983	185773939	35	32956
2	185775813	185826624	41	50811
2	185904619	185927311	26	22692
2	186109341	186133006	35	23665
2	186151353	186181189	41	29836
2	186292688	186359716	51	67028
2	186824356	186831517	30	7161
2	186837872	186847921	22	10049
2	189080812	189086557	20	5745
2	189087718	189100449	39	12731
2	191297413	191304695	32	7282
2	192280553	192307276	41	26723
2	192811040	192829225	20	18185
2	192864236	192871412	21	7176
2	192922048	192968018	25	45970
2	193373385	193381712	35	8327
2	193392177	193424806	51	32629
2	193505916	193519187	34	13271
2	193802471	193813724	23	11253
2	193875221	193885663	25	10442
2	195025889	195054091	49	28202
2	195147220	195172849	21	25629
2	195173375	195185063	32	11688
2	195188351	195196235	25	7884
2	195518341	195536281	22	17940
2	196132933	196149500	24	16567
2	196833658	196905894	44	72236
2	199612657	199637241	27	24584
2	201519525	201535604	20	16079
2	204025303	204037694	20	12391
2	207365758	207379659	24	13901
2	207722955	207741833	22	18878
2	208200664	208205362	20	4698
2	208741220	208778721	119	37501
2	208967393	208977162	23	9769
2	209253781	209260069	20	6288
2	209260395	209274288	54	13893
2	209351979	209358990	29	7011
2	209382237	209406263	56	24026
2	209775378	209789501	24	14123
2	210373427	210378265	22	4838
2	210687165	210698267	20	11102
2	210990954	210996798	20	5844
2	211839913	211850228	27	10315
2	212211563	212216089	21	4526
2	213257334	213282527	39	25193
2	213305901	213328834	28	22933
2	213854231	213862643	58	8412
2	213867145	213895420	125	28275
2	213898406	213926290	60	27884
2	215043259	215048360	28	5101
2	218722568	218775402	41	52834
2	219953164	219959072	26	5908
2	220099047	220104607	23	5560
2	220480227	220491145	22	10918
2	221188538	221194522	28	5984
2	223148220	223158061	21	9841
2	223170336	223179295	20	8959
2	223810021	223825046	23	15025
2	224017245	224021960	22	4715
2	224418312	224425184	20	6872
2	224913621	224921595	26	7974
2	225091931	225110047	30	18116
2	225169008	225188965	63	19957
2	227229167	227232991	28	3824
2	227626930	227630094	20	3164
2	227677245	227681933	23	4688
2	227714511	227717302	20	2791
2	227812697	227823382	21	10685
2	228109791	228119875	40	10084
2	228125127	228133238	50	8111
2	228166897	228173063	25	6166
2	229476112	229499441	90	23329
2	229711944	229723078	36	11134
2	230376475	230381589	26	5114
2	230560117	230566190	36	6073
2	230568210	230574066	35	5856
2	232557495	232573207	27	15712
2	233515329	233544748	29	29419
2	233713636	233718658	21	5022
2	233854579	233863204	48	8625
2	235760409	235765760	21	5351
2	236146443	236153873	33	7430
2	236197941	236211243	57	13302
2	236795361	236803343	27	7982
2	237136311	237149809	46	13498
2	237981749	238020233	32	38484
2	238233083	238238530	26	5447
2	238322877	238340075	29	17198
2	240077286	240082321	34	5035
2	240889018	240895527	22	6509
