22	10938373	0.0012	0
22	10938656	0.0008	283
22	10938718	0.0000	345
22	10938786	0.0000	413
22	10938798	0.0000	425
22	10938812	0.0000	439
22	10939171	0.0000	798
22	10939595	0.0000	1222
22	10939646	0.0000	1273
22	10939662	0.0000	1289
22	10939684	0.0000	1311
22	10939685	0.0000	1312
22	10939704	0.0000	1331
22	10939705	0.0000	1332
22	10939764	0.0000	1391
22	10939790	0.0000	1417
22	10939939	0.0000	1566
22	10939960	0.0000	1587
22	10939970	0.0000	1597
22	10940064	0.0004	1691
22	10940175	20.0000	1802
22	11330171	0.0000	0
22	11330178	0.0000	7
22	11330196	0.0000	25
22	11330204	0.0000	33
22	11330244	0.0000	73
22	11330365	0.0000	194
22	11330374	0.0008	203
22	11330456	0.0004	285
22	11330459	0.0012	288
22	11330609	0.0000	438
22	11330626	0.0000	455
22	11330633	0.0000	462
22	11330636	0.0000	465
22	11330649	0.0000	478
22	11330656	0.0000	485
22	11330660	0.0000	489
22	11330683	0.0000	512
22	11330684	0.0000	513
22	11330720	0.0000	549
22	11330759	0.0000	588
22	11330828	0.0000	657
22	11330845	0.0000	674
22	11330860	0.0012	689
22	11330921	0.0012	750
22	11331250	0.0000	1079
22	11331257	0.0000	1086
22	11331277	0.0000	1106
22	11331287	0.0000	1116
22	11331296	0.0000	1125
22	11331297	29.0000	1126
22	11566400	0.0008	0
22	11566414	0.0000	14
22	11566416	0.0012	16
22	11566481	0.0008	81
22	11566493	0.0012	93
22	11566721	0.0000	321
22	11566729	0.0004	329
22	11566912	0.0012	512
22	11567283	0.0000	883
22	11567294	0.0012	894
22	11567329	0.0004	929
22	11567371	0.0012	971
22	11567450	0.0012	1050
22	11567505	0.0000	1105
22	11567573	0.0000	1173
22	11567656	0.0000	1256
22	11567684	0.0000	1284
22	11567718	0.0008	1318
22	11567739	0.0008	1339
22	11567744	0.0000	1344
22	11567788	0.0000	1388
22	11567793	0.0000	1393
22	11567794	0.0012	1394
22	11568120	0.0004	1720
22	11568125	24.0000	1725
22	11568335	0.0008	0
22	11568499	0.0008	164
22	11568519	0.0000	184
22	11568533	0.0000	198
22	11568604	0.0000	269
22	11568741	0.0000	406
22	11568752	0.0000	417
22	11568755	0.0000	420
22	11568781	0.0000	446
22	11568887	0.0000	552
22	11568985	0.0000	650
22	11569058	0.0008	723
22	11569059	0.0008	724
22	11569078	0.0000	743
22	11569095	0.0000	760
22	11569108	0.0000	773
22	11569115	0.0008	780
22	11569167	0.0000	832
22	11569169	0.0008	834
22	11569183	0.0000	848
22	11569188	0.0004	853
22	11569217	0.0000	882
22	11569228	0.0000	893
22	11569240	0.0000	905
22	11569264	0.0012	929
22	11569282	0.0012	947
22	11569395	0.0000	1060
22	11569399	0.0000	1064
22	11569400	28.0000	1065
22	11570834	0.0000	0
22	11570847	0.0000	13
22	11570866	0.0000	32
22	11570916	0.0008	82
22	11571058	0.0000	224
22	11571066	0.0008	232
22	11571117	0.0000	283
22	11571122	0.0000	288
22	11571141	0.0000	307
22	11571226	0.0000	392
22	11571259	0.0000	425
22	11571271	0.0000	437
22	11571367	0.0004	533
22	11571598	0.0000	764
22	11571608	0.0004	774
22	11571639	0.0000	805
22	11571659	0.0000	825
22	11571671	0.0000	837
22	11571695	0.0000	861
22	11571717	0.0000	883
22	11571771	0.0000	937
22	11571795	0.0000	961
22	11571835	0.0004	1001
22	11571861	0.0008	1027
22	11571889	0.0012	1055
22	11572104	0.0000	1270
22	11572152	0.0000	1318
22	11572157	0.0000	1323
22	11572190	0.0000	1356
22	11572199	0.0000	1365
22	11572214	30.0000	1380
22	11577614	0.0000	0
22	11577619	0.0000	5
22	11577689	0.0000	75
22	11577697	0.0000	83
22	11577723	0.0000	109
22	11577749	0.0000	135
22	11577866	0.0000	252
22	11577881	0.0000	267
22	11577981	0.0000	367
22	11578001	0.0000	387
22	11578032	0.0000	418
22	11578128	0.0004	514
22	11578138	0.0004	524
22	11578562	0.0000	948
22	11578565	0.0000	951
22	11578582	0.0000	968
22	11578588	0.0008	974
22	11578643	0.0008	1029
22	11578677	0.0004	1063
22	11578776	0.0004	1162
22	11579043	0.0000	1429
22	11579058	0.0000	1444
22	11579076	0.0000	1462
22	11579152	0.0000	1538
22	11579157	0.0004	1543
22	11579218	0.0008	1604
22	11579236	26.0000	1622
22	12349595	0.0004	0
22	12349702	0.0012	107
22	12349871	0.0012	276
22	12349970	0.0000	375
22	12350043	0.0000	448
22	12350183	0.0000	588
22	12350292	0.0000	697
22	12350544	0.0000	949
22	12350555	0.0004	960
22	12350612	0.0004	1017
22	12350633	0.0000	1038
22	12350636	0.0012	1041
22	12350679	0.0012	1084
22	12350780	0.0000	1185
22	12350839	0.0000	1244
22	12351115	0.0000	1520
22	12351142	0.0000	1547
22	12351200	0.0000	1605
22	12351207	0.0000	1612
22	12351266	0.0000	1671
22	12351273	0.0012	1678
22	12351366	0.0012	1771
22	12351520	0.0000	1925
22	12351717	0.0000	2122
22	12351875	0.0000	2280
22	12351917	0.0000	2322
22	12351933	0.0000	2338
22	12351937	27.0000	2342
22	12354141	0.0008	0
22	12354266	0.0008	125
22	12354329	0.0004	188
22	12354382	0.0004	241
22	12354389	0.0000	248
22	12354702	0.0008	561
22	12354818	0.0008	677
22	12354821	0.0000	680
22	12354825	0.0012	684
22	12354873	0.0000	732
22	12354882	0.0012	741
22	12354993	0.0000	852
22	12354995	0.0000	854
22	12355009	0.0000	868
22	12355064	0.0004	923
22	12355229	0.0000	1088
22	12355240	0.0004	1099
22	12355324	0.0000	1183
22	12355338	0.0000	1197
22	12355353	0.0000	1212
22	12355413	0.0000	1272
22	12355509	0.0000	1368
22	12355605	0.0000	1464
22	12355771	0.0000	1630
22	12355915	0.0004	1774
22	12355942	0.0004	1801
22	12355946	0.0000	1805
22	12356012	0.0000	1871
22	12356241	0.0012	2100
22	12356467	29.0000	2326
22	12357206	0.0004	0
22	12357267	0.0004	61
22	12357316	0.0004	110
22	12357346	0.0004	140
22	12357470	0.0004	264
22	12357493	0.0000	287
22	12357498	0.0004	292
22	12357533	0.0000	327
22	12357662	0.0000	456
22	12357667	0.0000	461
22	12357682	0.0000	476
22	12357683	0.0000	477
22	12357824	0.0004	618
22	12357901	0.0004	695
22	12357932	0.0004	726
22	12358019	0.0000	813
22	12358034	0.0004	828
22	12358114	0.0004	908
22	12358244	0.0004	1038
22	12358384	0.0000	1178
22	12358544	0.0008	1338
22	12358617	0.0008	1411
22	12358769	0.0000	1563
22	12358783	0.0000	1577
22	12358803	0.0004	1597
22	12358812	0.0004	1606
22	12358839	0.0000	1633
22	12358865	0.0000	1659
22	12358891	0.0004	1685
22	12358968	0.0004	1762
22	12358992	0.0000	1786
22	12359000	0.0000	1794
22	12359081	0.0000	1875
22	12359086	0.0000	1880
22	12359097	0.0000	1891
22	12359141	0.0000	1935
22	12359172	36.0000	1966
22	12547158	0.0012	0
22	12547298	0.0000	140
22	12547314	0.0012	156
22	12547344	0.0008	186
22	12547353	0.0012	195
22	12547561	0.0008	403
22	12547582	0.0012	424
22	12547896	0.0012	738
22	12548125	0.0004	967
22	12548159	0.0012	1001
22	12548300	0.0008	1142
22	12548453	0.0000	1295
22	12548454	0.0012	1296
22	12548593	0.0000	1435
22	12548594	0.0000	1436
22	12548649	0.0000	1491
22	12548787	0.0000	1629
22	12548819	0.0000	1661
22	12548832	0.0004	1674
22	12548903	0.0012	1745
22	12548941	0.0000	1783
22	12548943	0.0000	1785
22	12548960	0.0008	1802
22	12549072	0.0008	1914
22	12549156	0.0000	1998
22	12549174	0.0004	2016
22	12549192	0.0004	2034
22	12549333	0.0000	2175
22	12549543	0.0000	2385
22	12549544	29.0000	2386
22	12597253	0.0000	0
22	12597373	0.0000	120
22	12597437	0.0000	184
22	12597442	0.0000	189
22	12597464	0.0000	211
22	12597541	0.0000	288
22	12597549	0.0000	296
22	12597550	0.0000	297
22	12597758	0.0000	505
22	12597771	0.0000	518
22	12597785	0.0000	532
22	12597896	0.0000	643
22	12597913	0.0000	660
22	12597931	0.0000	678
22	12597941	0.0000	688
22	12597958	0.0004	705
22	12597964	0.0008	711
22	12597965	0.0012	712
22	12598002	0.0000	749
22	12598053	0.0000	800
22	12598097	0.0004	844
22	12598137	0.0008	884
22	12598295	0.0012	1042
22	12598297	23.0000	1044
22	17046173	0.0008	0
22	17048693	0.0000	2520
22	17049655	0.0000	3482
22	17050398	0.0000	4225
22	17051559	0.0000	5386
22	17051664	0.0000	5491
22	17051853	0.0000	5680
22	17051999	0.0004	5826
22	17052506	0.0004	6333
22	17052546	0.0004	6373
22	17053408	0.0004	7235
22	17053497	0.0000	7324
22	17053836	0.0000	7663
22	17053868	0.0012	7695
22	17054234	0.0012	8061
22	17054330	0.0000	8157
22	17054357	0.0000	8184
22	17054630	0.0000	8457
22	17054863	0.0004	8690
22	17055126	0.0004	8953
22	17055255	0.0000	9082
22	17055580	0.0000	9407
22	17055665	0.0000	9492
22	17056640	0.0004	10467
22	17056684	0.0004	10511
22	17057027	0.0000	10854
22	17057342	0.0000	11169
22	17057829	0.0004	11656
22	17057918	0.0004	11745
22	17057970	0.0000	11797
22	17058537	0.0000	12364
22	17058549	31.0000	12376
22	17423810	0.0008	0
22	17424460	0.0012	650
22	17424790	0.0004	980
22	17424817	0.0000	1007
22	17424866	0.0000	1056
22	17425510	0.0000	1700
22	17425818	0.0000	2008
22	17425827	0.0000	2017
22	17426100	0.0000	2290
22	17426222	0.0000	2412
22	17426225	0.0000	2415
22	17426301	0.0004	2491
22	17426554	0.0000	2744
22	17426648	0.0000	2838
22	17426652	0.0000	2842
22	17426806	0.0000	2996
22	17426985	0.0000	3175
22	17427029	0.0000	3219
22	17427262	0.0000	3452
22	17428012	0.0004	4202
22	17428128	0.0004	4318
22	17428228	0.0004	4418
22	17428255	0.0004	4445
22	17428283	0.0000	4473
22	17428470	0.0000	4660
22	17428485	0.0000	4675
22	17428538	0.0000	4728
22	17428606	0.0000	4796
22	17428687	0.0008	4877
22	17429037	29.0000	5227
22	17601267	0.0004	0
22	17601565	0.0000	298
22	17602211	0.0000	944
22	17602349	0.0000	1082
22	17602880	0.0000	1613
22	17603106	0.0000	1839
22	17603107	0.0000	1840
22	17603546	0.0000	2279
22	17603709	0.0000	2442
22	17604228	0.0004	2961
22	17604692	0.0004	3425
22	17604938	0.0004	3671
22	17604964	0.0004	3697
22	17605502	0.0000	4235
22	17606029	0.0000	4762
22	17606137	0.0000	4870
22	17606179	0.0000	4912
22	17606292	0.0004	5025
22	17606491	0.0004	5224
22	17606835	0.0000	5568
22	17606849	0.0000	5582
22	17607062	0.0000	5795
22	17607088	0.0000	5821
22	17607240	0.0000	5973
22	17607339	0.0004	6072
22	17608321	0.0004	7054
22	17608597	0.0000	7330
22	17608601	0.0012	7334
22	17609538	0.0000	8271
22	17609554	0.0008	8287
22	17609589	30.0000	8322
22	17609640	0.0000	0
22	17609883	0.0000	243
22	17610010	0.0000	370
22	17610043	0.0000	403
22	17610544	0.0000	904
22	17610826	0.0000	1186
22	17611526	0.0000	1886
22	17611815	0.0000	2175
22	17612127	0.0000	2487
22	17612404	0.0000	2764
22	17613072	0.0000	3432
22	17613135	0.0000	3495
22	17613824	0.0000	4184
22	17613844	0.0000	4204
22	17613851	0.0008	4211
22	17614049	0.0004	4409
22	17614291	0.0004	4651
22	17614325	0.0000	4685
22	17614430	0.0008	4790
22	17615161	0.0000	5521
22	17615284	0.0000	5644
22	17615382	0.0000	5742
22	17615500	0.0004	5860
22	17615600	0.0004	5960
22	17615973	0.0000	6333
22	17615977	0.0000	6337
22	17616262	0.0004	6622
22	17616282	0.0004	6642
22	17616406	0.0000	6766
22	17616548	0.0000	6908
22	17616579	0.0000	6939
22	17616604	0.0012	6964
22	17616627	32.0000	6987
22	17958844	0.0012	0
22	17960521	0.0000	1677
22	17960638	0.0000	1794
22	17960933	0.0000	2089
22	17961052	0.0000	2208
22	17961089	0.0004	2245
22	17961495	0.0004	2651
22	17961524	0.0004	2680
22	17961833	0.0004	2989
22	17961891	0.0000	3047
22	17961909	0.0000	3065
22	17961927	0.0000	3083
22	17961968	0.0000	3124
22	17962142	0.0000	3298
22	17962255	0.0000	3411
22	17962497	0.0000	3653
22	17962521	0.0004	3677
22	17962708	0.0000	3864
22	17962710	0.0000	3866
22	17962711	0.0000	3867
22	17962712	0.0004	3868
22	17962943	0.0000	4099
22	17963258	0.0000	4414
22	17963446	0.0000	4602
22	17963552	0.0004	4708
22	17963686	0.0008	4842
22	17963724	0.0008	4880
22	17963799	0.0008	4955
22	17964725	0.0008	5881
22	17964931	0.0012	6087
22	17965839	0.0004	6995
22	17966272	0.0004	7428
22	17966364	0.0004	7520
22	17966777	0.0004	7933
22	17967110	0.0000	8266
22	17967161	0.0000	8317
22	17967383	0.0000	8539
22	17967521	37.0000	8677
22	19090896	0.0004	0
22	19091008	0.0000	112
22	19091094	0.0000	198
22	19091249	0.0004	353
22	19091545	0.0000	649
22	19092287	0.0000	1391
22	19092787	0.0000	1891
22	19093161	0.0000	2265
22	19093726	0.0008	2830
22	19095022	0.0000	4126
22	19095443	0.0000	4547
22	19095594	0.0004	4698
22	19096165	0.0000	5269
22	19097176	0.0008	6280
22	19098670	0.0004	7774
22	19099007	0.0000	8111
22	19099554	0.0008	8658
22	19102557	0.0000	11661
22	19102736	0.0008	11840
22	19102754	0.0012	11858
22	19106814	20.0000	15918
22	23160291	0.0000	0
22	23160521	0.0000	230
22	23160648	0.0008	357
22	23160800	0.0008	509
22	23160821	0.0008	530
22	23161018	0.0000	727
22	23161079	0.0000	788
22	23161132	0.0000	841
22	23161382	0.0000	1091
22	23161393	0.0000	1102
22	23161464	0.0000	1173
22	23161569	0.0004	1278
22	23161683	0.0004	1392
22	23162471	0.0000	2180
22	23162729	0.0000	2438
22	23162897	0.0012	2606
22	23163131	0.0008	2840
22	23163171	0.0012	2880
22	23163211	0.0012	2920
22	23163280	0.0004	2989
22	23163765	0.0000	3474
22	23163948	21.0000	3657
22	23650945	0.0000	0
22	23650993	0.0000	48
22	23651171	0.0000	226
22	23651229	0.0000	284
22	23651431	0.0000	486
22	23651485	0.0000	540
22	23651775	0.0000	830
22	23651952	0.0012	1007
22	23651981	0.0012	1036
22	23652164	0.0000	1219
22	23652869	0.0004	1924
22	23653026	0.0004	2081
22	23653353	0.0000	2408
22	23653374	0.0000	2429
22	23653422	0.0000	2477
22	23653646	0.0000	2701
22	23653763	0.0000	2818
22	23653810	0.0000	2865
22	23654072	0.0000	3127
22	23654074	0.0000	3129
22	23654276	0.0004	3331
22	23654403	0.0004	3458
22	23654442	0.0000	3497
22	23654820	0.0000	3875
22	23655079	24.0000	4134
22	25804083	0.0000	0
22	25804243	0.0008	160
22	25804311	0.0008	228
22	25805384	0.0000	1301
22	25806240	0.0000	2157
22	25806291	0.0000	2208
22	25806449	0.0000	2366
22	25806615	0.0000	2532
22	25806957	0.0000	2874
22	25807723	0.0000	3640
22	25807795	0.0004	3712
22	25808126	0.0004	4043
22	25808212	0.0000	4129
22	25808684	0.0000	4601
22	25808809	0.0000	4726
22	25808896	0.0000	4813
22	25808947	0.0000	4864
22	25809091	0.0000	5008
22	25809142	0.0000	5059
22	25809325	0.0000	5242
22	25809326	0.0000	5243
22	25809380	0.0000	5297
22	25809465	0.0000	5382
22	25809515	0.0000	5432
22	25809527	0.0000	5444
22	25809569	0.0000	5486
22	25809642	0.0000	5559
22	25809667	0.0008	5584
22	25809790	0.0000	5707
22	25809807	0.0012	5724
22	25810242	0.0000	6159
22	25810254	0.0000	6171
22	25810264	0.0000	6181
22	25810595	0.0000	6512
22	25810673	0.0000	6590
22	25810703	0.0000	6620
22	25810805	0.0008	6722
22	25812126	37.0000	8043
22	28592272	0.0008	0
22	28597343	0.0000	5071
22	28597768	0.0000	5496
22	28602833	0.0004	10561
22	28603902	0.0008	11630
22	28611862	0.0008	19590
22	28612638	0.0012	20366
22	28613680	0.0000	21408
22	28613951	0.0000	21679
22	28619602	0.0000	27330
22	28619615	0.0004	27343
22	28620069	0.0004	27797
22	28620340	0.0000	28068
22	28626184	0.0000	33912
22	28626200	0.0000	33928
22	28632144	0.0000	39872
22	28633202	0.0012	40930
22	28637201	0.0004	44929
22	28637222	0.0004	44950
22	28637320	0.0000	45048
22	28637557	0.0004	45285
22	28643965	0.0004	51693
22	28644814	0.0000	52542
22	28644833	0.0000	52561
22	28646037	0.0000	53765
22	28646091	0.0004	53819
22	28649942	0.0000	57670
22	28654415	0.0004	62143
22	28655838	0.0004	63566
22	28656963	0.0000	64691
22	28657739	0.0000	65467
22	28658887	0.0004	66615
22	28662421	0.0012	70149
22	28679134	0.0008	86862
22	28680161	0.0008	87889
22	28680649	35.0000	88377
22	30325712	0.0004	0
22	30329285	0.0000	3573
22	30329313	0.0004	3601
22	30330397	0.0000	4685
22	30332895	0.0008	7183
22	30334722	0.0004	9010
22	30335077	0.0004	9365
22	30335398	0.0004	9686
22	30337122	0.0000	11410
22	30337307	0.0000	11595
22	30337429	0.0004	11717
22	30338613	0.0000	12901
22	30338727	0.0000	13015
22	30340570	0.0004	14858
22	30341012	0.0000	15300
22	30342014	0.0000	16302
22	30347412	0.0000	21700
22	30348637	0.0000	22925
22	30348669	0.0000	22957
22	30349232	0.0000	23520
22	30349669	0.0000	23957
22	30351075	0.0004	25363
22	30352285	0.0008	26573
22	30352414	23.0000	26702
22	30357996	0.0008	0
22	30360492	0.0004	2496
22	30360822	0.0000	2826
22	30360837	0.0000	2841
22	30362374	0.0000	4378
22	30363614	0.0000	5618
22	30363741	0.0000	5745
22	30363865	0.0000	5869
22	30364579	0.0004	6583
22	30365248	0.0004	7252
22	30365618	0.0000	7622
22	30366151	0.0004	8155
22	30366973	0.0000	8977
22	30367226	0.0000	9230
22	30367228	0.0008	9232
22	30367392	0.0004	9396
22	30369260	0.0000	11264
22	30370190	0.0000	12194
22	30371350	0.0004	13354
22	30371547	0.0000	13551
22	30371740	0.0004	13744
22	30371792	0.0004	13796
22	30373006	0.0000	15010
22	30373917	0.0008	15921
22	30374637	0.0008	16641
22	30375866	0.0000	17870
22	30376971	0.0008	18975
22	30378664	0.0004	20668
22	30380861	0.0004	22865
22	30381892	0.0000	23896
22	30382470	0.0000	24474
22	30382541	0.0004	24545
22	30383000	32.0000	25004
22	32188514	0.0004	0
22	32188599	0.0000	85
22	32188611	0.0000	97
22	32188651	0.0000	137
22	32188672	0.0000	158
22	32188723	0.0000	209
22	32188764	0.0000	250
22	32188839	0.0000	325
22	32189360	0.0000	846
22	32189902	0.0000	1388
22	32189990	0.0000	1476
22	32190003	0.0004	1489
22	32190143	0.0004	1629
22	32190305	0.0000	1791
22	32190645	0.0000	2131
22	32190867	0.0000	2353
22	32190888	0.0000	2374
22	32190891	0.0004	2377
22	32190939	0.0004	2425
22	32191491	0.0004	2977
22	32191852	0.0004	3338
22	32192365	0.0000	3851
22	32193047	22.0000	4533
22	32290148	0.0004	0
22	32290207	0.0004	59
22	32290223	0.0000	75
22	32290479	0.0000	331
22	32290586	0.0000	438
22	32290667	0.0000	519
22	32290697	0.0004	549
22	32290875	0.0004	727
22	32291049	0.0000	901
22	32291420	0.0000	1272
22	32291596	0.0000	1448
22	32291640	0.0000	1492
22	32291681	0.0000	1533
22	32291693	0.0004	1545
22	32291793	0.0004	1645
22	32291830	0.0004	1682
22	32291895	0.0008	1747
22	32291982	0.0012	1834
22	32292475	0.0004	2327
22	32292505	0.0000	2357
22	32292570	20.0000	2422
22	32299327	0.0008	0
22	32300133	0.0004	806
22	32300235	0.0012	908
22	32300328	0.0008	1001
22	32300360	0.0008	1033
22	32300614	0.0004	1287
22	32300627	0.0012	1300
22	32300749	0.0000	1422
22	32300750	0.0004	1423
22	32300871	0.0008	1544
22	32300985	0.0004	1658
22	32301178	0.0000	1851
22	32301191	0.0000	1864
22	32301402	0.0000	2075
22	32301590	0.0000	2263
22	32301612	0.0000	2285
22	32301804	0.0000	2477
22	32302031	0.0000	2704
22	32302374	0.0000	3047
22	32302528	0.0004	3201
22	32302628	0.0004	3301
22	32302660	0.0000	3333
22	32302733	0.0000	3406
22	32303468	0.0000	4141
22	32303686	0.0000	4359
22	32303785	0.0000	4458
22	32303935	0.0004	4608
22	32304183	0.0004	4856
22	32304526	0.0000	5199
22	32304631	0.0012	5304
22	32305783	0.0008	6456
22	32305953	0.0000	6626
22	32305966	0.0000	6639
22	32305981	0.0000	6654
22	32306036	0.0000	6709
22	32306091	35.0000	6764
22	32353182	0.0012	0
22	32353863	0.0012	681
22	32354869	0.0000	1687
22	32354877	0.0000	1695
22	32355018	0.0000	1836
22	32355163	0.0004	1981
22	32355389	0.0008	2207
22	32355929	0.0004	2747
22	32356572	0.0008	3390
22	32357755	0.0000	4573
22	32357762	0.0000	4580
22	32358319	0.0000	5137
22	32358574	0.0000	5392
22	32358856	0.0000	5674
22	32359006	0.0000	5824
22	32359528	0.0004	6346
22	32359625	0.0004	6443
22	32359672	0.0008	6490
22	32360568	0.0008	7386
22	32360912	0.0004	7730
22	32361529	0.0004	8347
22	32362089	0.0004	8907
22	32362430	0.0004	9248
22	32363270	0.0000	10088
22	32363291	0.0000	10109
22	32363302	0.0012	10120
22	32363406	0.0012	10224
22	32363613	0.0000	10431
22	32364549	0.0000	11367
22	32365005	0.0000	11823
22	32365481	30.0000	12299
22	33137159	0.0008	0
22	33137361	0.0004	202
22	33137733	0.0000	574
22	33137896	0.0000	737
22	33137911	0.0000	752
22	33138181	0.0000	1022
22	33138280	0.0000	1121
22	33138350	0.0000	1191
22	33138594	0.0000	1435
22	33138725	0.0000	1566
22	33138911	0.0004	1752
22	33139077	0.0004	1918
22	33139173	0.0000	2014
22	33139390	0.0000	2231
22	33139728	0.0000	2569
22	33139865	0.0000	2706
22	33140646	0.0000	3487
22	33140729	0.0004	3570
22	33141004	0.0004	3845
22	33141072	0.0000	3913
22	33141291	0.0000	4132
22	33141448	0.0000	4289
22	33141697	0.0008	4538
22	33141861	0.0000	4702
22	33142240	0.0000	5081
22	33143725	0.0000	6566
22	33143786	0.0012	6627
22	33144383	0.0000	7224
22	33144459	0.0004	7300
22	33145685	0.0000	8526
22	33145952	0.0008	8793
22	33152123	0.0004	14964
22	33153083	0.0004	15924
22	33153627	0.0004	16468
22	33154066	34.0000	16907
22	34385142	0.0000	0
22	34385191	0.0000	49
22	34385437	0.0000	295
22	34385673	0.0004	531
22	34386410	0.0000	1268
22	34386428	0.0000	1286
22	34386635	0.0000	1493
22	34386815	0.0000	1673
22	34386880	0.0000	1738
22	34387183	0.0000	2041
22	34387219	0.0000	2077
22	34387440	0.0000	2298
22	34387641	0.0000	2499
22	34387705	0.0000	2563
22	34387979	0.0000	2837
22	34387996	0.0004	2854
22	34388214	0.0004	3072
22	34388263	0.0008	3121
22	34388301	0.0004	3159
22	34388593	0.0000	3451
22	34388780	0.0008	3638
22	34389053	0.0008	3911
22	34389312	0.0000	4170
22	34389377	0.0000	4235
22	34389586	0.0000	4444
22	34389593	0.0000	4451
22	34389662	0.0000	4520
22	34389778	0.0000	4636
22	34390146	0.0000	5004
22	34390243	0.0012	5101
22	34390948	0.0012	5806
22	34390973	0.0000	5831
22	34391064	0.0000	5922
22	34391381	0.0000	6239
22	34392213	0.0000	7071
22	34392489	0.0004	7347
22	34392844	0.0008	7702
22	34393387	0.0012	8245
22	34393499	0.0008	8357
22	34393786	0.0000	8644
22	34393795	0.0004	8653
22	34393972	0.0004	8830
22	34394019	0.0000	8877
22	34394116	0.0000	8974
22	34394136	0.0000	8994
22	34394168	0.0000	9026
22	34394477	0.0000	9335
22	34394944	0.0000	9802
22	34395240	0.0000	10098
22	34395276	0.0000	10134
22	34395746	0.0000	10604
22	34395828	0.0000	10686
22	34395892	0.0000	10750
22	34397238	0.0000	12096
22	34397311	0.0004	12169
22	34397327	0.0004	12185
22	34397437	0.0000	12295
22	34397448	0.0000	12306
22	34397671	0.0000	12529
22	34397761	0.0004	12619
22	34398248	0.0004	13106
22	34398701	0.0000	13559
22	34398833	0.0000	13691
22	34398906	0.0000	13764
22	34399027	0.0000	13885
22	34399031	0.0000	13889
22	34399106	0.0000	13964
22	34399137	0.0000	13995
22	34399214	0.0004	14072
22	34399223	0.0004	14081
22	34399388	0.0000	14246
22	34399655	0.0000	14513
22	34399709	0.0004	14567
22	34400091	73.0000	14949
22	35072051	0.0008	0
22	35072546	0.0008	495
22	35072638	0.0008	587
22	35072727	0.0000	676
22	35072737	0.0004	686
22	35073764	0.0000	1713
22	35073769	0.0000	1718
22	35073883	0.0000	1832
22	35073955	0.0000	1904
22	35074129	0.0000	2078
22	35074159	0.0000	2108
22	35074257	0.0000	2206
22	35074304	0.0000	2253
22	35074393	0.0000	2342
22	35074460	0.0000	2409
22	35074547	0.0004	2496
22	35074892	0.0004	2841
22	35075035	0.0000	2984
22	35075109	0.0004	3058
22	35075506	0.0004	3455
22	35075628	20.0000	3577
22	35145764	0.0000	0
22	35145778	0.0008	14
22	35145934	0.0008	170
22	35146822	0.0008	1058
22	35147398	0.0008	1634
22	35147414	0.0004	1650
22	35147738	0.0000	1974
22	35147749	0.0012	1985
22	35147890	0.0004	2126
22	35147895	0.0008	2131
22	35147927	0.0004	2163
22	35148046	0.0008	2282
22	35148143	0.0004	2379
22	35148453	0.0000	2689
22	35148709	0.0000	2945
22	35148782	0.0000	3018
22	35148809	0.0000	3045
22	35149099	0.0008	3335
22	35149308	0.0012	3544
22	35149557	0.0000	3793
22	35149625	0.0004	3861
22	35149818	0.0000	4054
22	35149922	22.0000	4158
22	35160606	0.0000	0
22	35160792	0.0000	186
22	35161309	0.0000	703
22	35161444	0.0000	838
22	35161516	0.0000	910
22	35161851	0.0000	1245
22	35162025	0.0000	1419
22	35162045	0.0000	1439
22	35162064	0.0000	1458
22	35162119	0.0000	1513
22	35162256	0.0000	1650
22	35162299	0.0000	1693
22	35162336	0.0004	1730
22	35162365	0.0004	1759
22	35162421	0.0000	1815
22	35162669	0.0000	2063
22	35162716	0.0000	2110
22	35162717	0.0000	2111
22	35162731	0.0000	2125
22	35162777	0.0000	2171
22	35162834	0.0000	2228
22	35162877	0.0000	2271
22	35163024	0.0000	2418
22	35163074	0.0000	2468
22	35163085	0.0000	2479
22	35163702	0.0000	3096
22	35164079	0.0000	3473
22	35164265	0.0000	3659
22	35164337	0.0000	3731
22	35164393	29.0000	3787
22	35165024	0.0000	0
22	35165677	0.0000	653
22	35165871	0.0000	847
22	35165923	0.0000	899
22	35166242	0.0004	1218
22	35166638	0.0004	1614
22	35166684	0.0000	1660
22	35166720	0.0000	1696
22	35166857	0.0000	1833
22	35167573	0.0000	2549
22	35167736	0.0000	2712
22	35167782	0.0000	2758
22	35167858	0.0004	2834
22	35167911	0.0004	2887
22	35168642	0.0004	3618
22	35169074	0.0004	4050
22	35169388	0.0000	4364
22	35169389	0.0008	4365
22	35169478	0.0000	4454
22	35169498	0.0004	4474
22	35169739	0.0008	4715
22	35170476	0.0012	5452
22	35171362	0.0000	6338
22	35171395	0.0000	6371
22	35171396	0.0004	6372
22	35171568	0.0000	6544
22	35171722	0.0000	6698
22	35172406	0.0000	7382
22	35173429	0.0000	8405
22	35173626	0.0004	8602
22	35174823	30.0000	9799
22	38643850	0.0008	0
22	38644820	0.0000	970
22	38644885	0.0012	1035
22	38645036	0.0012	1186
22	38646209	0.0000	2359
22	38646216	0.0008	2366
22	38646813	0.0012	2963
22	38648147	0.0004	4297
22	38648801	0.0004	4951
22	38650322	0.0000	6472
22	38650695	0.0004	6845
22	38651430	0.0000	7580
22	38651438	0.0008	7588
22	38652750	0.0012	8900
22	38653225	0.0008	9375
22	38653312	0.0000	9462
22	38655119	0.0004	11269
22	38655339	0.0008	11489
22	38656111	0.0008	12261
22	38656150	0.0012	12300
22	38657883	0.0000	14033
22	38658211	0.0000	14361
22	38658766	0.0000	14916
22	38659199	0.0008	15349
22	38659298	24.0000	15448
22	38667010	0.0008	0
22	38668204	0.0004	1194
22	38668225	0.0004	1215
22	38668373	0.0000	1363
22	38668401	0.0000	1391
22	38668662	0.0000	1652
22	38668676	0.0008	1666
22	38669734	0.0000	2724
22	38669738	0.0008	2728
22	38669996	0.0004	2986
22	38670205	0.0008	3195
22	38670815	0.0008	3805
22	38671326	0.0004	4316
22	38671519	0.0004	4509
22	38672784	0.0000	5774
22	38673040	0.0000	6030
22	38673176	0.0000	6166
22	38674084	0.0000	7074
22	38674545	0.0000	7535
22	38674806	0.0012	7796
22	38675672	0.0008	8662
22	38676449	0.0000	9439
22	38676467	0.0004	9457
22	38676764	0.0000	9754
22	38677056	0.0000	10046
22	38677070	0.0000	10060
22	38677819	0.0000	10809
22	38678447	0.0000	11437
22	38679055	0.0008	12045
22	38679140	0.0008	12130
22	38679230	0.0008	12220
22	38679587	0.0008	12577
22	38680268	32.0000	13258
22	40711714	0.0000	0
22	40712131	0.0004	417
22	40712451	0.0004	737
22	40712737	0.0004	1023
22	40713271	0.0000	1557
22	40713558	0.0000	1844
22	40713592	0.0000	1878
22	40713953	0.0000	2239
22	40714009	0.0000	2295
22	40714132	0.0000	2418
22	40714133	0.0000	2419
22	40714307	0.0000	2593
22	40714352	0.0000	2638
22	40714833	0.0004	3119
22	40715939	0.0004	4225
22	40716058	0.0004	4344
22	40716098	0.0004	4384
22	40716200	0.0000	4486
22	40716571	0.0000	4857
22	40716621	0.0000	4907
22	40716678	0.0000	4964
22	40717050	0.0000	5336
22	40717116	0.0004	5402
22	40717581	0.0004	5867
22	40717705	24.0000	5991
22	40718964	0.0000	0
22	40718983	0.0000	19
22	40719227	0.0004	263
22	40719722	0.0004	758
22	40720285	0.0000	1321
22	40720309	0.0004	1345
22	40720642	0.0008	1678
22	40722121	0.0008	3157
22	40722795	0.0000	3831
22	40722985	0.0000	4021
22	40723029	0.0008	4065
22	40723270	0.0008	4306
22	40723907	0.0000	4943
22	40724137	0.0000	5173
22	40724210	0.0000	5246
22	40724309	0.0004	5345
22	40724392	0.0004	5428
22	40724398	0.0004	5434
22	40724918	0.0004	5954
22	40724992	0.0000	6028
22	40725180	0.0000	6216
22	40726126	0.0004	7162
22	40726337	0.0004	7373
22	40726973	0.0000	8009
22	40727041	0.0004	8077
22	40727122	0.0004	8158
22	40727642	0.0004	8678
22	40727822	0.0004	8858
22	40728129	0.0004	9165
22	40728273	29.0000	9309
22	41421681	0.0000	0
22	41421874	0.0000	193
22	41422272	0.0008	591
22	41424537	0.0012	2856
22	41425419	0.0008	3738
22	41425456	0.0000	3775
22	41425989	0.0000	4308
22	41426146	0.0000	4465
22	41426301	0.0000	4620
22	41426789	0.0000	5108
22	41426852	0.0008	5171
22	41427622	0.0012	5941
22	41428832	0.0004	7151
22	41429338	0.0008	7657
22	41430436	0.0008	8755
22	41430798	0.0000	9117
22	41431078	0.0004	9397
22	41439448	0.0012	17767
22	41443710	0.0004	22029
22	41444403	0.0000	22722
22	41446199	20.0000	24518
22	46911520	0.0000	0
22	46911988	0.0012	468
22	46912405	0.0008	885
22	46913046	0.0000	1526
22	46913078	0.0004	1558
22	46913079	0.0004	1559
22	46913123	0.0000	1603
22	46913394	0.0000	1874
22	46913455	0.0000	1935
22	46913506	0.0000	1986
22	46913581	0.0000	2061
22	46913690	0.0000	2170
22	46913897	0.0012	2377
22	46913988	0.0012	2468
22	46914205	0.0000	2685
22	46914207	0.0004	2687
22	46914584	0.0004	3064
22	46914956	0.0004	3436
22	46916734	0.0008	5214
22	46918626	0.0000	7106
22	46919198	20.0000	7678
22	48606850	0.0000	0
22	48606853	0.0000	3
22	48607001	0.0004	151
22	48607009	0.0008	159
22	48607742	0.0000	892
22	48607766	0.0000	916
22	48607779	0.0004	929
22	48607879	0.0008	1029
22	48607978	0.0008	1128
22	48608144	0.0000	1294
22	48608238	0.0000	1388
22	48608583	0.0000	1733
22	48608706	0.0000	1856
22	48608885	0.0000	2035
22	48608887	0.0008	2037
22	48609167	0.0000	2317
22	48609204	0.0000	2354
22	48609217	0.0000	2367
22	48609262	0.0000	2412
22	48609267	0.0012	2417
22	48609587	20.0000	2737
22	50063458	0.0000	0
22	50063459	0.0000	1
22	50063496	0.0000	38
22	50064207	0.0004	749
22	50064221	0.0004	763
22	50065411	0.0000	1953
22	50065650	0.0000	2192
22	50065881	0.0008	2423
22	50066058	0.0012	2600
22	50066308	0.0000	2850
22	50066312	0.0000	2854
22	50066352	0.0000	2894
22	50066375	0.0000	2917
22	50066478	0.0000	3020
22	50067155	0.0004	3697
22	50068234	0.0004	4776
22	50068381	0.0004	4923
22	50068918	0.0004	5460
22	50068929	0.0004	5471
22	50068978	0.0000	5520
22	50069098	0.0012	5640
22	50069487	0.0000	6029
22	50069710	0.0000	6252
22	50069763	0.0000	6305
22	50069902	0.0000	6444
22	50070157	0.0008	6699
22	50070367	26.0000	6909
22	50093519	0.0000	0
22	50093572	0.0008	53
22	50093854	0.0004	335
22	50094169	0.0000	650
22	50094353	0.0000	834
22	50094601	0.0004	1082
22	50094685	0.0004	1166
22	50094980	0.0004	1461
22	50097498	0.0004	3979
22	50097823	0.0012	4304
22	50098117	0.0012	4598
22	50098561	0.0008	5042
22	50098806	0.0004	5287
22	50099253	0.0004	5734
22	50099745	0.0000	6226
22	50099815	0.0000	6296
22	50099836	0.0000	6317
22	50100252	0.0012	6733
22	50102026	0.0004	8507
22	50102245	0.0004	8726
22	50103488	0.0012	9969
22	50103693	0.0012	10174
22	50105417	0.0004	11898
22	50105571	0.0000	12052
22	50106271	0.0008	12752
22	50106301	0.0012	12782
22	50106794	0.0008	13275
22	50107756	0.0004	14237
22	50107835	0.0012	14316
22	50108237	0.0008	14718
22	50108415	0.0000	14896
22	50108439	0.0000	14920
22	50108471	0.0000	14952
22	50108542	0.0008	15023
22	50109100	0.0008	15581
22	50109435	0.0004	15916
22	50109556	0.0004	16037
22	50109785	0.0008	16266
22	50109848	0.0012	16329
22	50110279	0.0004	16760
22	50110318	0.0000	16799
22	50110344	0.0004	16825
22	50110420	0.0004	16901
22	50110764	0.0008	17245
22	50112033	0.0008	18514
22	50112883	0.0008	19364
22	50113395	0.0008	19876
22	50113849	0.0000	20330
22	50114307	0.0004	20788
22	50114719	0.0004	21200
22	50115085	50.0000	21566
22	50127154	0.0000	0
22	50127209	0.0004	55
22	50127479	0.0004	325
22	50127753	0.0008	599
22	50128352	0.0004	1198
22	50128406	0.0012	1252
22	50129178	0.0000	2024
22	50129179	0.0012	2025
22	50130585	0.0012	3431
22	50131709	0.0012	4555
22	50131854	0.0004	4700
22	50131937	0.0004	4783
22	50132524	0.0000	5370
22	50132558	0.0000	5404
22	50132605	0.0000	5451
22	50132960	0.0000	5806
22	50133013	0.0000	5859
22	50133059	0.0000	5905
22	50133101	0.0004	5947
22	50134044	0.0004	6890
22	50134319	0.0000	7165
22	50134341	0.0000	7187
22	50134794	0.0008	7640
22	50135261	23.0000	8107
