20	1416698	0.0000	0
20	1416766	0.0000	68
20	1416795	0.0000	97
20	1417087	0.0000	389
20	1417136	0.0004	438
20	1417223	0.0004	525
20	1417284	0.0004	586
20	1417717	0.0000	1019
20	1418715	0.0008	2017
20	1419293	0.0004	2595
20	1419341	0.0012	2643
20	1419680	0.0008	2982
20	1420012	0.0004	3314
20	1420029	0.0004	3331
20	1420617	0.0000	3919
20	1420682	0.0000	3984
20	1420831	0.0004	4133
20	1420888	0.0000	4190
20	1421088	0.0000	4390
20	1421517	0.0000	4819
20	1421792	0.0000	5094
20	1422741	0.0012	6043
20	1423278	22.0000	6580
20	1913117	0.0012	0
20	1913334	0.0000	217
20	1913340	0.0012	223
20	1913961	0.0008	844
20	1913984	0.0000	867
20	1914043	0.0000	926
20	1914044	0.0004	927
20	1914143	0.0004	1026
20	1914201	0.0004	1084
20	1914226	0.0000	1109
20	1914250	0.0000	1133
20	1914264	0.0000	1147
20	1914274	0.0004	1157
20	1914331	0.0000	1214
20	1914370	0.0000	1253
20	1914425	0.0000	1308
20	1914428	0.0000	1311
20	1914456	0.0000	1339
20	1914473	0.0004	1356
20	1914479	0.0000	1362
20	1914489	0.0004	1372
20	1914498	0.0000	1381
20	1914501	0.0004	1384
20	1914518	0.0004	1401
20	1914531	0.0012	1414
20	1914538	0.0012	1421
20	1914547	0.0004	1430
20	1914572	0.0004	1455
20	1914627	0.0008	1510
20	1914646	0.0000	1529
20	1914671	0.0000	1554
20	1914745	0.0004	1628
20	1914887	0.0000	1770
20	1914892	0.0000	1775
20	1914893	0.0000	1776
20	1914924	0.0004	1807
20	1914955	0.0000	1838
20	1914965	0.0004	1848
20	1914998	0.0000	1881
20	1915009	0.0000	1892
20	1915012	0.0000	1895
20	1915021	0.0000	1904
20	1915022	0.0000	1905
20	1915027	0.0012	1910
20	1915059	44.0000	1942
20	2070828	0.0000	0
20	2070945	0.0004	117
20	2070998	0.0004	170
20	2071308	0.0000	480
20	2071335	0.0000	507
20	2071526	0.0000	698
20	2072232	0.0000	1404
20	2072726	0.0004	1898
20	2073306	0.0000	2478
20	2073310	0.0008	2482
20	2073786	0.0004	2958
20	2073841	0.0004	3013
20	2074451	0.0000	3623
20	2074473	0.0004	3645
20	2074651	0.0008	3823
20	2074775	0.0000	3947
20	2074779	0.0012	3951
20	2075468	0.0008	4640
20	2075712	0.0000	4884
20	2076055	0.0000	5227
20	2076144	20.0000	5316
20	2358804	0.0000	0
20	2358973	0.0000	169
20	2359001	0.0000	197
20	2360206	0.0000	1402
20	2360328	0.0000	1524
20	2360442	0.0000	1638
20	2360472	0.0000	1668
20	2360561	0.0000	1757
20	2360595	0.0000	1791
20	2360889	0.0008	2085
20	2360906	0.0008	2102
20	2361229	0.0000	2425
20	2361237	0.0000	2433
20	2361472	0.0000	2668
20	2361542	0.0000	2738
20	2362136	0.0000	3332
20	2362433	0.0000	3629
20	2363342	0.0000	4538
20	2363343	0.0000	4539
20	2364164	0.0000	5360
20	2364376	0.0000	5572
20	2364985	21.0000	6181
20	2421272	0.0008	0
20	2421502	0.0008	230
20	2422018	0.0004	746
20	2422380	0.0008	1108
20	2423213	0.0004	1941
20	2423455	0.0004	2183
20	2424600	0.0000	3328
20	2424660	0.0000	3388
20	2425019	0.0000	3747
20	2425192	0.0000	3920
20	2425258	0.0000	3986
20	2425637	0.0004	4365
20	2425744	0.0004	4472
20	2425855	0.0004	4583
20	2425866	0.0000	4594
20	2426382	0.0004	5110
20	2426509	0.0004	5237
20	2426642	0.0000	5370
20	2426795	0.0000	5523
20	2426893	0.0000	5621
20	2427176	0.0004	5904
20	2427393	0.0004	6121
20	2428397	0.0000	7125
20	2428618	0.0000	7346
20	2428901	0.0000	7629
20	2428948	0.0000	7676
20	2429501	26.0000	8229
20	3508453	0.0004	0
20	3509310	0.0004	857
20	3509521	0.0008	1068
20	3511912	0.0004	3459
20	3513304	0.0000	4851
20	3513873	0.0004	5420
20	3515269	0.0000	6816
20	3515288	0.0004	6835
20	3516078	0.0000	7625
20	3516514	0.0012	8061
20	3518780	0.0012	10327
20	3519764	0.0008	11311
20	3521282	0.0004	12829
20	3522332	0.0000	13879
20	3524211	0.0000	15758
20	3524574	0.0008	16121
20	3526059	0.0012	17606
20	3530668	0.0008	22215
20	3533834	0.0008	25381
20	3535304	0.0000	26851
20	3535875	0.0000	27422
20	3535887	0.0004	27434
20	3537744	0.0004	29291
20	3540628	0.0012	32175
20	3541066	24.0000	32613
20	3565591	0.0000	0
20	3565659	0.0012	68
20	3568718	0.0012	3127
20	3570047	0.0000	4456
20	3570489	0.0000	4898
20	3571552	0.0000	5961
20	3572422	0.0000	6831
20	3573103	0.0000	7512
20	3573444	0.0000	7853
20	3573456	0.0000	7865
20	3573809	0.0012	8218
20	3579293	0.0000	13702
20	3579457	0.0008	13866
20	3583669	0.0000	18078
20	3584025	0.0000	18434
20	3584125	0.0000	18534
20	3584899	0.0012	19308
20	3594245	0.0000	28654
20	3594601	0.0000	29010
20	3595304	0.0000	29713
20	3595728	20.0000	30137
20	4064380	0.0004	0
20	4064630	0.0000	250
20	4064645	0.0000	265
20	4064782	0.0000	402
20	4065050	0.0000	670
20	4065091	0.0000	711
20	4065149	0.0000	769
20	4065172	0.0004	792
20	4065467	0.0000	1087
20	4065541	0.0004	1161
20	4065623	0.0000	1243
20	4065629	0.0004	1249
20	4065877	0.0012	1497
20	4066071	0.0008	1691
20	4066138	0.0000	1758
20	4066678	0.0000	2298
20	4066732	0.0004	2352
20	4066760	0.0004	2380
20	4067203	0.0000	2823
20	4067313	0.0008	2933
20	4067434	0.0000	3054
20	4067436	0.0004	3056
20	4067605	0.0000	3225
20	4067844	0.0000	3464
20	4067845	0.0000	3465
20	4068024	0.0004	3644
20	4068092	0.0004	3712
20	4068244	27.0000	3864
20	5276756	0.0012	0
20	5276961	0.0004	205
20	5278173	0.0004	1417
20	5279285	0.0000	2529
20	5280486	0.0000	3730
20	5280560	0.0004	3804
20	5280794	0.0012	4038
20	5281408	0.0008	4652
20	5281522	0.0004	4766
20	5281987	0.0004	5231
20	5282192	0.0000	5436
20	5282618	0.0000	5862
20	5282744	0.0000	5988
20	5282798	0.0000	6042
20	5282865	0.0000	6109
20	5283099	0.0004	6343
20	5283821	0.0004	7065
20	5284044	0.0000	7288
20	5284501	0.0000	7745
20	5284806	0.0000	8050
20	5285268	0.0000	8512
20	5285273	0.0000	8517
20	5285379	0.0004	8623
20	5285475	0.0004	8719
20	5285989	0.0000	9233
20	5286160	0.0000	9404
20	5286706	0.0000	9950
20	5287084	0.0008	10328
20	5287105	28.0000	10349
20	5307251	0.0012	0
20	5307440	0.0012	189
20	5307526	0.0008	275
20	5307647	0.0004	396
20	5307854	0.0004	603
20	5308169	0.0008	918
20	5308315	0.0004	1064
20	5308583	0.0000	1332
20	5308593	0.0012	1342
20	5308692	0.0000	1441
20	5308720	0.0004	1469
20	5308835	0.0000	1584
20	5308876	0.0004	1625
20	5308998	0.0004	1747
20	5309072	0.0000	1821
20	5309156	0.0000	1905
20	5309170	0.0000	1919
20	5309182	0.0000	1931
20	5309194	0.0004	1943
20	5309245	0.0004	1994
20	5309386	0.0000	2135
20	5309429	0.0000	2178
20	5309439	0.0000	2188
20	5309444	0.0000	2193
20	5309465	0.0000	2214
20	5309466	0.0000	2215
20	5309514	0.0000	2263
20	5309621	0.0000	2370
20	5309729	0.0000	2478
20	5309775	0.0000	2524
20	5309781	0.0000	2530
20	5309805	0.0000	2554
20	5309839	0.0000	2588
20	5309981	0.0000	2730
20	5310012	0.0000	2761
20	5310180	0.0004	2929
20	5310395	0.0000	3144
20	5310412	0.0000	3161
20	5310416	0.0000	3165
20	5310427	0.0004	3176
20	5310497	0.0004	3246
20	5310499	0.0004	3248
20	5310654	0.0004	3403
20	5310690	0.0008	3439
20	5310701	0.0004	3450
20	5310712	0.0000	3461
20	5310713	0.0004	3462
20	5311114	0.0000	3863
20	5311440	0.0000	4189
20	5311522	0.0000	4271
20	5311530	0.0000	4279
20	5311542	0.0004	4291
20	5312355	0.0004	5104
20	5312754	0.0004	5503
20	5312965	0.0004	5714
20	5313273	0.0000	6022
20	5313388	0.0004	6137
20	5313769	0.0004	6518
20	5313850	58.0000	6599
20	6246018	0.0000	0
20	6246155	0.0000	137
20	6246202	0.0004	184
20	6246924	0.0004	906
20	6247817	0.0004	1799
20	6248207	0.0000	2189
20	6248285	0.0004	2267
20	6248289	0.0004	2271
20	6248616	0.0004	2598
20	6249220	0.0004	3202
20	6249486	0.0000	3468
20	6249600	0.0000	3582
20	6250058	0.0008	4040
20	6251687	0.0004	5669
20	6252998	0.0000	6980
20	6253466	0.0000	7448
20	6253478	0.0000	7460
20	6254061	0.0000	8043
20	6254445	0.0008	8427
20	6255400	0.0012	9382
20	6255655	20.0000	9637
20	6324848	0.0004	0
20	6325060	0.0000	212
20	6325501	0.0004	653
20	6326987	0.0000	2139
20	6327952	0.0000	3104
20	6327988	0.0000	3140
20	6328366	0.0004	3518
20	6328931	0.0004	4083
20	6329322	0.0000	4474
20	6329374	0.0000	4526
20	6329394	0.0000	4546
20	6329436	0.0000	4588
20	6329505	0.0004	4657
20	6329537	0.0004	4689
20	6329597	0.0000	4749
20	6329652	0.0000	4804
20	6329689	0.0000	4841
20	6329781	0.0004	4933
20	6329917	0.0004	5069
20	6329963	0.0000	5115
20	6330525	0.0000	5677
20	6330873	0.0000	6025
20	6332812	0.0004	7964
20	6332822	23.0000	7974
20	6334506	0.0004	0
20	6334602	0.0000	96
20	6334804	0.0000	298
20	6334868	0.0000	362
20	6334880	0.0000	374
20	6335018	0.0000	512
20	6335055	0.0000	549
20	6335114	0.0000	608
20	6335286	0.0004	780
20	6335374	0.0004	868
20	6335525	0.0000	1019
20	6335645	0.0000	1139
20	6335950	0.0000	1444
20	6335992	0.0000	1486
20	6336094	0.0000	1588
20	6336256	0.0004	1750
20	6336644	0.0008	2138
20	6337219	0.0008	2713
20	6337538	0.0004	3032
20	6337760	0.0000	3254
20	6337813	0.0004	3307
20	6339448	0.0000	4942
20	6339465	0.0000	4959
20	6339865	0.0000	5359
20	6340075	0.0000	5569
20	6340245	0.0000	5739
20	6341354	0.0000	6848
20	6342042	0.0000	7536
20	6342421	0.0000	7915
20	6342507	0.0004	8001
20	6343265	0.0000	8759
20	6343865	0.0000	9359
20	6344145	0.0000	9639
20	6344344	0.0000	9838
20	6344673	0.0004	10167
20	6346136	0.0000	11630
20	6347516	0.0000	13010
20	6348245	0.0012	13739
20	6351465	38.0000	16959
20	6395810	0.0000	0
20	6395834	0.0000	24
20	6395843	0.0000	33
20	6396438	0.0000	628
20	6396687	0.0000	877
20	6396749	0.0000	939
20	6396895	0.0000	1085
20	6397257	0.0000	1447
20	6397318	0.0000	1508
20	6397332	0.0000	1522
20	6397533	0.0000	1723
20	6398025	0.0000	2215
20	6398026	0.0000	2216
20	6398162	0.0000	2352
20	6398243	0.0000	2433
20	6398265	0.0000	2455
20	6398988	0.0004	3178
20	6399354	0.0000	3544
20	6399375	0.0000	3565
20	6399389	0.0004	3579
20	6399599	0.0004	3789
20	6399676	0.0004	3866
20	6399697	0.0008	3887
20	6399990	0.0000	4180
20	6400569	24.0000	4759
20	7467174	0.0004	0
20	7467187	0.0000	13
20	7467637	0.0000	463
20	7468643	0.0000	1469
20	7469174	0.0000	2000
20	7469523	0.0000	2349
20	7469717	0.0000	2543
20	7469720	0.0000	2546
20	7469742	0.0000	2568
20	7470364	0.0000	3190
20	7470391	0.0000	3217
20	7470416	0.0000	3242
20	7470536	0.0000	3362
20	7470826	0.0000	3652
20	7470870	0.0000	3696
20	7470918	0.0008	3744
20	7470975	0.0008	3801
20	7471131	0.0000	3957
20	7471274	0.0004	4100
20	7471393	0.0004	4219
20	7471460	0.0000	4286
20	7471545	0.0000	4371
20	7472105	0.0000	4931
20	7472411	0.0000	5237
20	7472688	0.0000	5514
20	7472837	25.0000	5663
20	7484007	0.0004	0
20	7484418	0.0000	411
20	7484543	0.0000	536
20	7485005	0.0000	998
20	7485097	0.0000	1090
20	7485326	0.0004	1319
20	7486334	0.0000	2327
20	7486439	0.0000	2432
20	7486449	0.0004	2442
20	7486604	0.0000	2597
20	7486649	0.0000	2642
20	7486669	0.0012	2662
20	7486724	0.0012	2717
20	7486761	0.0000	2754
20	7487147	0.0000	3140
20	7487197	0.0000	3190
20	7487208	0.0008	3201
20	7487482	0.0000	3475
20	7487697	0.0000	3690
20	7488204	0.0000	4197
20	7488494	20.0000	4487
20	7853980	0.0012	0
20	7854243	0.0012	263
20	7854360	0.0000	380
20	7854477	0.0000	497
20	7854478	0.0000	498
20	7854563	0.0000	583
20	7854780	0.0000	800
20	7854970	0.0004	990
20	7855163	0.0004	1183
20	7855532	0.0000	1552
20	7855663	0.0000	1683
20	7856008	0.0004	2028
20	7856015	0.0004	2035
20	7856237	0.0000	2257
20	7856242	0.0000	2262
20	7856334	0.0000	2354
20	7857017	0.0000	3037
20	7857029	0.0000	3049
20	7857378	0.0000	3398
20	7857488	0.0000	3508
20	7857563	0.0000	3583
20	7857683	0.0000	3703
20	7857688	0.0000	3708
20	7857831	0.0000	3851
20	7858018	0.0000	4038
20	7858797	0.0000	4817
20	7858875	0.0000	4895
20	7858877	0.0000	4897
20	7859418	28.0000	5438
20	8100521	0.0000	0
20	8100783	0.0000	262
20	8100964	0.0000	443
20	8101007	0.0000	486
20	8101414	0.0000	893
20	8101625	0.0004	1104
20	8102249	0.0000	1728
20	8102318	0.0000	1797
20	8102649	0.0004	2128
20	8103460	0.0004	2939
20	8103757	0.0000	3236
20	8105013	0.0000	4492
20	8105714	0.0000	5193
20	8105907	0.0000	5386
20	8106570	0.0000	6049
20	8106690	0.0008	6169
20	8106692	0.0008	6171
20	8106696	0.0000	6175
20	8106934	0.0000	6413
20	8108063	0.0004	7542
20	8109282	0.0012	8761
20	8109993	0.0008	9472
20	8110773	0.0000	10252
20	8110788	23.0000	10267
20	8827664	0.0012	0
20	8828662	0.0000	998
20	8828669	0.0000	1005
20	8828686	0.0000	1022
20	8828802	0.0004	1138
20	8829131	0.0000	1467
20	8829410	0.0000	1746
20	8829486	0.0000	1822
20	8829551	0.0008	1887
20	8829705	0.0000	2041
20	8829938	0.0000	2274
20	8830016	0.0004	2352
20	8830096	0.0008	2432
20	8830101	0.0004	2437
20	8830835	0.0000	3171
20	8830934	0.0000	3270
20	8831063	0.0000	3399
20	8831167	0.0000	3503
20	8831249	0.0000	3585
20	8831400	0.0000	3736
20	8831552	0.0000	3888
20	8831602	0.0004	3938
20	8831658	0.0004	3994
20	8831762	0.0000	4098
20	8832178	0.0000	4514
20	8832301	0.0000	4637
20	8832692	0.0000	5028
20	8832862	0.0000	5198
20	8832897	28.0000	5233
20	8837018	0.0000	0
20	8837375	0.0004	357
20	8837679	0.0000	661
20	8837688	0.0004	670
20	8838020	0.0000	1002
20	8838053	0.0000	1035
20	8838217	0.0000	1199
20	8838465	0.0000	1447
20	8838489	0.0000	1471
20	8838553	0.0000	1535
20	8838562	0.0004	1544
20	8838656	0.0000	1638
20	8839409	0.0004	2391
20	8839633	0.0004	2615
20	8839801	0.0000	2783
20	8839855	0.0000	2837
20	8839902	0.0000	2884
20	8840100	0.0000	3082
20	8840628	0.0000	3610
20	8840687	0.0000	3669
20	8840847	0.0004	3829
20	8840848	0.0004	3830
20	8840870	0.0000	3852
20	8840930	0.0000	3912
20	8840974	0.0000	3956
20	8841048	0.0004	4030
20	8841199	0.0004	4181
20	8841322	0.0004	4304
20	8841784	0.0004	4766
20	8842076	0.0008	5058
20	8842284	0.0000	5266
20	8842417	0.0008	5399
20	8842892	0.0012	5874
20	8843675	0.0004	6657
20	8844927	0.0004	7909
20	8845273	0.0000	8255
20	8845274	0.0000	8256
20	8845765	0.0004	8747
20	8845865	0.0008	8847
20	8846340	39.0000	9322
20	9072473	0.0004	0
20	9072909	0.0004	436
20	9073048	0.0008	575
20	9075173	0.0000	2700
20	9075510	0.0000	3037
20	9075522	0.0000	3049
20	9075586	0.0004	3113
20	9075940	0.0004	3467
20	9076237	0.0000	3764
20	9076323	0.0004	3850
20	9076869	0.0004	4396
20	9077281	0.0000	4808
20	9077654	0.0012	5181
20	9078348	0.0012	5875
20	9078510	0.0012	6037
20	9079433	0.0000	6960
20	9079445	0.0000	6972
20	9079512	0.0000	7039
20	9079788	0.0000	7315
20	9079856	0.0000	7383
20	9079887	0.0008	7414
20	9080152	0.0008	7679
20	9080394	0.0004	7921
20	9080764	0.0000	8291
20	9081257	0.0000	8784
20	9081357	0.0008	8884
20	9081532	0.0004	9059
20	9081706	0.0000	9233
20	9081951	28.0000	9478
20	9082538	0.0000	0
20	9082626	0.0008	88
20	9082867	0.0008	329
20	9082910	0.0004	372
20	9083009	0.0000	471
20	9083038	0.0000	500
20	9083093	0.0004	555
20	9083310	0.0004	772
20	9083457	0.0004	919
20	9083523	0.0004	985
20	9083558	0.0004	1020
20	9083624	0.0004	1086
20	9083760	0.0000	1222
20	9083763	0.0000	1225
20	9084016	0.0000	1478
20	9084102	0.0000	1564
20	9084242	0.0000	1704
20	9084545	0.0000	2007
20	9084603	0.0000	2065
20	9084879	0.0000	2341
20	9084929	0.0000	2391
20	9084969	0.0004	2431
20	9085092	0.0004	2554
20	9085258	0.0000	2720
20	9085393	24.0000	2855
20	10016483	0.0004	0
20	10018444	0.0000	1961
20	10018603	0.0000	2120
20	10018654	0.0000	2171
20	10018974	0.0000	2491
20	10019013	0.0004	2530
20	10019950	0.0012	3467
20	10020110	0.0008	3627
20	10020650	0.0004	4167
20	10020826	0.0004	4343
20	10020980	0.0000	4497
20	10021013	0.0000	4530
20	10021022	0.0000	4539
20	10021410	0.0000	4927
20	10021490	0.0000	5007
20	10021494	0.0008	5011
20	10021822	0.0008	5339
20	10022373	0.0000	5890
20	10023003	0.0000	6520
20	10023044	0.0004	6561
20	10023184	0.0008	6701
20	10023703	21.0000	7220
20	10440323	0.0008	0
20	10441927	0.0000	1604
20	10442361	0.0000	2038
20	10442552	0.0008	2229
20	10444063	0.0008	3740
20	10444679	0.0008	4356
20	10445182	0.0012	4859
20	10445508	0.0004	5185
20	10445526	0.0000	5203
20	10445796	0.0000	5473
20	10446086	0.0004	5763
20	10446724	0.0000	6401
20	10447312	0.0000	6989
20	10447648	0.0000	7325
20	10448001	0.0000	7678
20	10448128	0.0000	7805
20	10448953	0.0000	8630
20	10449015	0.0008	8692
20	10449203	0.0008	8880
20	10449208	0.0000	8885
20	10449963	0.0000	9640
20	10450140	0.0000	9817
20	10450677	0.0000	10354
20	10450915	0.0000	10592
20	10450980	0.0000	10657
20	10451079	25.0000	10756
20	10488131	0.0008	0
20	10488399	0.0000	268
20	10488582	0.0004	451
20	10489153	0.0004	1022
20	10489177	0.0004	1046
20	10489183	0.0008	1052
20	10489881	0.0008	1750
20	10490381	0.0000	2250
20	10490504	0.0008	2373
20	10491081	0.0008	2950
20	10491311	0.0000	3180
20	10491369	0.0000	3238
20	10491634	0.0000	3503
20	10491844	0.0000	3713
20	10491945	0.0004	3814
20	10492142	0.0000	4011
20	10492392	0.0004	4261
20	10492520	0.0000	4389
20	10492618	0.0000	4487
20	10492970	0.0004	4839
20	10493283	0.0000	5152
20	10493409	0.0004	5278
20	10493456	22.0000	5325
20	11456277	0.0000	0
20	11456471	0.0000	194
20	11457454	0.0012	1177
20	11458604	0.0000	2327
20	11458668	0.0000	2391
20	11460938	0.0000	4661
20	11461341	0.0000	5064
20	11461771	0.0004	5494
20	11462339	0.0004	6062
20	11462384	0.0000	6107
20	11463133	0.0000	6856
20	11465156	0.0000	8879
20	11465714	0.0000	9437
20	11466314	0.0000	10037
20	11466342	0.0000	10065
20	11467640	0.0004	11363
20	11468756	0.0004	12479
20	11470883	0.0000	14606
20	11473081	0.0000	16804
20	11473572	0.0000	17295
20	11474095	0.0000	17818
20	11474489	0.0000	18212
20	11474786	0.0000	18509
20	11474894	0.0000	18617
20	11475667	0.0000	19390
20	11475990	0.0008	19713
20	11477005	0.0004	20728
20	11477365	0.0012	21088
20	11478402	0.0008	22125
20	11478696	0.0000	22419
20	11479180	30.0000	22903
20	13077373	0.0000	0
20	13078377	0.0000	1004
20	13078557	0.0004	1184
20	13078591	0.0004	1218
20	13078625	0.0000	1252
20	13079161	0.0000	1788
20	13079209	0.0000	1836
20	13079258	0.0000	1885
20	13079306	0.0000	1933
20	13079391	0.0000	2018
20	13079483	0.0000	2110
20	13079524	0.0000	2151
20	13079572	0.0000	2199
20	13079683	0.0004	2310
20	13080232	0.0004	2859
20	13080489	0.0000	3116
20	13080628	0.0004	3255
20	13081120	0.0000	3747
20	13081133	0.0000	3760
20	13081480	0.0000	4107
20	13082415	0.0008	5042
20	13083381	0.0000	6008
20	13083658	0.0004	6285
20	13083724	0.0000	6351
20	13083808	0.0000	6435
20	13083819	0.0000	6446
20	13083924	0.0004	6551
20	13083966	0.0012	6593
20	13085064	0.0012	7691
20	13085085	0.0008	7712
20	13085300	0.0000	7927
20	13085570	0.0000	8197
20	13085853	0.0000	8480
20	13085924	0.0000	8551
20	13086103	0.0000	8730
20	13086272	0.0000	8899
20	13086488	0.0000	9115
20	13086543	0.0004	9170
20	13086590	38.0000	9217
20	15141715	0.0004	0
20	15141905	0.0000	190
20	15141915	0.0000	200
20	15141932	0.0000	217
20	15142097	0.0000	382
20	15142102	0.0000	387
20	15142207	0.0000	492
20	15142442	0.0004	727
20	15142831	0.0008	1116
20	15142960	0.0004	1245
20	15143031	0.0004	1316
20	15143245	0.0004	1530
20	15143284	0.0000	1569
20	15143331	0.0000	1616
20	15143333	0.0000	1618
20	15144131	0.0008	2416
20	15144247	0.0008	2532
20	15144287	0.0004	2572
20	15144354	0.0004	2639
20	15144530	0.0000	2815
20	15144565	0.0000	2850
20	15144692	0.0000	2977
20	15144737	0.0000	3022
20	15145012	0.0000	3297
20	15145015	0.0000	3300
20	15145191	0.0000	3476
20	15145226	0.0000	3511
20	15145736	0.0000	4021
20	15145795	0.0000	4080
20	15146060	0.0000	4345
20	15146211	0.0000	4496
20	15146216	0.0000	4501
20	15146308	0.0000	4593
20	15146434	0.0000	4719
20	15146473	0.0000	4758
20	15146781	0.0000	5066
20	15146855	0.0000	5140
20	15146862	0.0000	5147
20	15147241	0.0000	5526
20	15147475	0.0000	5760
20	15147548	0.0000	5833
20	15147748	0.0000	6033
20	15147808	42.0000	6093
20	16505079	0.0008	0
20	16505323	0.0000	244
20	16505546	0.0012	467
20	16506053	0.0008	974
20	16507032	0.0000	1953
20	16507033	0.0000	1954
20	16507140	0.0000	2061
20	16507438	0.0000	2359
20	16509111	0.0000	4032
20	16510414	0.0004	5335
20	16510794	0.0008	5715
20	16511790	0.0004	6711
20	16511812	0.0008	6733
20	16512040	0.0008	6961
20	16512050	0.0004	6971
20	16512888	0.0000	7809
20	16512935	0.0008	7856
20	16513329	0.0004	8250
20	16513609	0.0008	8530
20	16514274	0.0008	9195
20	16514506	0.0000	9427
20	16515351	0.0004	10272
20	16515717	0.0004	10638
20	16515770	0.0008	10691
20	16516291	0.0004	11212
20	16516573	0.0000	11494
20	16516612	0.0012	11533
20	16516742	0.0000	11663
20	16516824	0.0004	11745
20	16516914	0.0000	11835
20	16517086	0.0000	12007
20	16517098	0.0008	12019
20	16517409	0.0012	12330
20	16518612	0.0000	13533
20	16518662	0.0004	13583
20	16519693	0.0004	14614
20	16519816	0.0012	14737
20	16520549	0.0004	15470
20	16521036	0.0004	15957
20	16521234	0.0004	16155
20	16521411	0.0008	16332
20	16521475	0.0004	16396
20	16521852	42.0000	16773
20	17084505	0.0000	0
20	17085250	0.0004	745
20	17085988	0.0000	1483
20	17086570	0.0000	2065
20	17087590	0.0000	3085
20	17087894	0.0000	3389
20	17088397	0.0004	3892
20	17090536	0.0000	6031
20	17091036	0.0000	6531
20	17091250	0.0000	6745
20	17091398	0.0000	6893
20	17091443	0.0000	6938
20	17093831	0.0000	9326
20	17094064	0.0000	9559
20	17095566	0.0000	11061
20	17095987	0.0000	11482
20	17096617	0.0000	12112
20	17097033	0.0000	12528
20	17097215	0.0000	12710
20	17098234	0.0004	13729
20	17099206	0.0000	14701
20	17099576	0.0012	15071
20	17099776	22.0000	15271
20	17153431	0.0008	0
20	17153992	0.0004	561
20	17154838	0.0000	1407
20	17155558	0.0004	2127
20	17156066	0.0004	2635
20	17158077	0.0000	4646
20	17158354	0.0000	4923
20	17160285	0.0000	6854
20	17160461	0.0000	7030
20	17160679	0.0000	7248
20	17160838	0.0000	7407
20	17160848	0.0004	7417
20	17161120	0.0004	7689
20	17161381	0.0000	7950
20	17161507	0.0000	8076
20	17161879	0.0000	8448
20	17162730	0.0000	9299
20	17163410	0.0000	9979
20	17163719	0.0000	10288
20	17164132	0.0000	10701
20	17164207	0.0008	10776
20	17164825	0.0008	11394
20	17165698	22.0000	12267
20	17438364	0.0000	0
20	17439885	0.0000	1521
20	17440580	0.0004	2216
20	17440787	0.0004	2423
20	17441323	0.0000	2959
20	17441333	0.0000	2969
20	17441418	0.0000	3054
20	17441811	0.0000	3447
20	17442062	0.0000	3698
20	17442163	0.0000	3799
20	17444348	0.0000	5984
20	17446042	0.0000	7678
20	17446584	0.0000	8220
20	17446706	0.0004	8342
20	17447082	0.0004	8718
20	17447110	0.0008	8746
20	17447432	0.0000	9068
20	17447943	0.0004	9579
20	17448715	0.0004	10351
20	17448923	0.0004	10559
20	17448993	0.0000	10629
20	17449008	0.0000	10644
20	17449131	0.0000	10767
20	17449207	0.0000	10843
20	17449268	0.0000	10904
20	17449348	0.0000	10984
20	17449653	0.0000	11289
20	17449754	27.0000	11390
20	20113872	0.0004	0
20	20114057	0.0000	185
20	20114059	0.0000	187
20	20114250	0.0000	378
20	20114260	0.0000	388
20	20114276	0.0004	404
20	20115013	0.0000	1141
20	20115020	0.0000	1148
20	20116801	0.0008	2929
20	20117167	0.0000	3295
20	20117168	0.0004	3296
20	20117196	0.0008	3324
20	20117811	0.0000	3939
20	20117850	0.0000	3978
20	20118489	0.0012	4617
20	20119935	0.0012	6063
20	20120595	0.0000	6723
20	20120775	0.0000	6903
20	20121079	0.0000	7207
20	20121405	0.0008	7533
20	20121649	0.0008	7777
20	20122232	0.0000	8360
20	20122404	22.0000	8532
20	20136752	0.0004	0
20	20136764	0.0008	12
20	20137019	0.0004	267
20	20137695	0.0000	943
20	20137961	0.0000	1209
20	20138879	0.0000	2127
20	20139433	0.0000	2681
20	20139770	0.0000	3018
20	20140181	0.0004	3429
20	20140756	0.0012	4004
20	20142547	0.0004	5795
20	20142664	0.0000	5912
20	20143359	0.0000	6607
20	20143471	0.0004	6719
20	20143935	0.0004	7183
20	20144141	0.0000	7389
20	20144166	0.0004	7414
20	20145268	0.0008	8516
20	20145541	0.0004	8789
20	20145547	0.0000	8795
20	20145989	0.0012	9237
20	20146403	21.0000	9651
20	20147675	0.0000	0
20	20147781	0.0000	106
20	20147886	0.0000	211
20	20148363	0.0000	688
20	20148444	0.0000	769
20	20148985	0.0000	1310
20	20150394	0.0000	2719
20	20151208	0.0004	3533
20	20151643	0.0004	3968
20	20151962	0.0000	4287
20	20152841	0.0004	5166
20	20153110	0.0004	5435
20	20153884	0.0004	6209
20	20153946	0.0000	6271
20	20155531	0.0004	7856
20	20155721	0.0000	8046
20	20156424	0.0000	8749
20	20156702	0.0000	9027
20	20156789	0.0000	9114
20	20157227	0.0004	9552
20	20158791	0.0000	11116
20	20159072	0.0000	11397
20	20159116	0.0000	11441
20	20159552	0.0000	11877
20	20159844	0.0000	12169
20	20159859	0.0000	12184
20	20159961	0.0000	12286
20	20160155	0.0000	12480
20	20160673	0.0000	12998
20	20160745	0.0000	13070
20	20160933	0.0000	13258
20	20160952	0.0000	13277
20	20161837	0.0000	14162
20	20161976	0.0000	14301
20	20162656	0.0004	14981
20	20162836	0.0004	15161
20	20162982	0.0000	15307
20	20163026	0.0004	15351
20	20163239	38.0000	15564
20	20165401	0.0012	0
20	20165515	0.0012	114
20	20165707	0.0000	306
20	20166207	0.0004	806
20	20166231	0.0004	830
20	20166660	0.0000	1259
20	20167239	0.0000	1838
20	20167544	0.0000	2143
20	20167715	0.0000	2314
20	20168430	0.0000	3029
20	20169032	0.0000	3631
20	20169114	0.0000	3713
20	20169538	0.0000	4137
20	20170516	0.0000	5115
20	20171542	0.0000	6141
20	20171937	0.0008	6536
20	20172196	0.0000	6795
20	20172211	0.0000	6810
20	20172464	0.0004	7063
20	20172603	0.0004	7202
20	20172720	0.0000	7319
20	20172825	0.0008	7424
20	20172864	0.0008	7463
20	20173018	0.0000	7617
20	20173265	0.0000	7864
20	20173359	0.0000	7958
20	20173724	26.0000	8323
20	20174579	0.0004	0
20	20174847	0.0000	268
20	20175003	0.0000	424
20	20175333	0.0004	754
20	20175443	0.0004	864
20	20176152	0.0000	1573
20	20176797	0.0000	2218
20	20177010	0.0000	2431
20	20177069	0.0000	2490
20	20177092	0.0000	2513
20	20177123	0.0000	2544
20	20177418	0.0000	2839
20	20178981	0.0000	4402
20	20179263	0.0012	4684
20	20179535	0.0012	4956
20	20182781	0.0000	8202
20	20182995	0.0008	8416
20	20183692	0.0008	9113
20	20186070	0.0008	11491
20	20186313	0.0004	11734
20	20186826	20.0000	12247
20	21870212	0.0000	0
20	21870308	0.0008	96
20	21871411	0.0008	1199
20	21871683	0.0008	1471
20	21871838	0.0004	1626
20	21872105	0.0000	1893
20	21872462	0.0000	2250
20	21872555	0.0000	2343
20	21873126	0.0004	2914
20	21873737	0.0000	3525
20	21875266	0.0000	5054
20	21875510	0.0000	5298
20	21876276	0.0004	6064
20	21877645	0.0000	7433
20	21878104	0.0000	7892
20	21878569	0.0000	8357
20	21879005	0.0000	8793
20	21879114	0.0000	8902
20	21880608	0.0000	10396
20	21880914	0.0000	10702
20	21881439	0.0000	11227
20	21882321	0.0004	12109
20	21883187	0.0000	12975
20	21883304	0.0000	13092
20	21883436	0.0008	13224
20	21885513	0.0004	15301
20	21885561	0.0000	15349
20	21885565	0.0004	15353
20	21885739	0.0000	15527
20	21885909	0.0004	15697
20	21887901	0.0000	17689
20	21888075	0.0004	17863
20	21889793	32.0000	19581
20	23461344	0.0000	0
20	23461371	0.0000	27
20	23461448	0.0000	104
20	23461543	0.0000	199
20	23461578	0.0000	234
20	23461603	0.0000	259
20	23461687	0.0000	343
20	23461983	0.0004	639
20	23461984	0.0004	640
20	23462003	0.0004	659
20	23462249	0.0004	905
20	23462898	0.0000	1554
20	23462922	0.0000	1578
20	23463074	0.0000	1730
20	23463079	0.0000	1735
20	23463134	0.0000	1790
20	23463329	0.0000	1985
20	23463377	0.0000	2033
20	23463453	0.0004	2109
20	23463722	0.0004	2378
20	23463855	0.0000	2511
20	23464034	0.0000	2690
20	23464035	0.0004	2691
20	23464168	23.0000	2824
20	23647971	0.0000	0
20	23648521	0.0000	550
20	23649994	0.0000	2023
20	23650430	0.0000	2459
20	23650431	0.0012	2460
20	23650672	0.0012	2701
20	23650873	0.0000	2902
20	23650886	0.0000	2915
20	23650902	0.0000	2931
20	23650962	0.0000	2991
20	23650965	0.0000	2994
20	23651017	0.0000	3046
20	23651563	0.0004	3592
20	23651772	0.0004	3801
20	23652093	0.0012	4122
20	23652139	0.0012	4168
20	23652150	0.0004	4179
20	23652210	0.0000	4239
20	23652457	0.0004	4486
20	23652595	0.0004	4624
20	23652608	20.0000	4637
20	24007710	0.0000	0
20	24007737	0.0004	27
20	24007785	0.0004	75
20	24007926	0.0000	216
20	24008145	0.0008	435
20	24008301	0.0004	591
20	24008326	0.0004	616
20	24008981	0.0000	1271
20	24009015	0.0000	1305
20	24009145	0.0000	1435
20	24009265	0.0000	1555
20	24009508	0.0000	1798
20	24009573	0.0000	1863
20	24009596	0.0000	1886
20	24009605	0.0000	1895
20	24009614	0.0000	1904
20	24009718	0.0000	2008
20	24010005	0.0000	2295
20	24010059	0.0000	2349
20	24010263	0.0012	2553
20	24010495	0.0000	2785
20	24010660	0.0000	2950
20	24010671	22.0000	2961
20	24212085	0.0004	0
20	24213055	0.0004	970
20	24213653	0.0004	1568
20	24214259	0.0000	2174
20	24214260	0.0008	2175
20	24214553	0.0008	2468
20	24214672	0.0000	2587
20	24214833	0.0004	2748
20	24215733	0.0004	3648
20	24215844	0.0000	3759
20	24215942	0.0000	3857
20	24215983	0.0000	3898
20	24216662	0.0000	4577
20	24216788	0.0000	4703
20	24217043	0.0004	4958
20	24217046	0.0008	4961
20	24217327	0.0000	5242
20	24217468	0.0004	5383
20	24217934	0.0004	5849
20	24217993	0.0004	5908
20	24218411	0.0000	6326
20	24218448	0.0000	6363
20	24218470	0.0000	6385
20	24218746	0.0000	6661
20	24218857	0.0004	6772
20	24218970	0.0004	6885
20	24219081	0.0000	6996
20	24219289	0.0000	7204
20	24219307	0.0000	7222
20	24219430	0.0000	7345
20	24219600	0.0000	7515
20	24220063	0.0004	7978
20	24220166	0.0008	8081
20	24221206	0.0008	9121
20	24221338	0.0004	9253
20	24221353	0.0000	9268
20	24221375	0.0000	9290
20	24221636	0.0004	9551
20	24221903	0.0000	9818
20	24221975	0.0000	9890
20	24221988	0.0000	9903
20	24222204	0.0000	10119
20	24222401	0.0000	10316
20	24223042	0.0000	10957
20	24223070	0.0000	10985
20	24223198	0.0000	11113
20	24223362	0.0004	11277
20	24223586	0.0012	11501
20	24223754	0.0008	11669
20	24223909	0.0000	11824
20	24224041	0.0000	11956
20	24224343	0.0000	12258
20	24224359	0.0000	12274
20	24224526	0.0000	12441
20	24224600	0.0000	12515
20	24224717	0.0004	12632
20	24225079	0.0004	12994
20	24225283	0.0000	13198
20	24225395	0.0000	13310
20	24225421	0.0004	13336
20	24225650	0.0004	13565
20	24225721	0.0000	13636
20	24225961	0.0004	13876
20	24226686	0.0008	14601
20	24226699	0.0004	14614
20	24226858	0.0000	14773
20	24227067	0.0012	14982
20	24228521	0.0008	16436
20	24230547	0.0004	18462
20	24230690	0.0008	18605
20	24231075	0.0008	18990
20	24231192	0.0000	19107
20	24231409	0.0000	19324
20	24231460	0.0000	19375
20	24231474	0.0000	19389
20	24232334	0.0000	20249
20	24232795	0.0000	20710
20	24233612	0.0004	21527
20	24233703	0.0008	21618
20	24234422	0.0008	22337
20	24235677	0.0000	23592
20	24236336	0.0000	24251
20	24236890	82.0000	24805
20	24669029	0.0000	0
20	24669069	0.0000	40
20	24669296	0.0004	267
20	24669371	0.0008	342
20	24669518	0.0000	489
20	24669530	0.0012	501
20	24669943	0.0004	914
20	24669991	0.0004	962
20	24670350	0.0012	1321
20	24670666	0.0008	1637
20	24670691	0.0004	1662
20	24671201	0.0000	2172
20	24671456	0.0000	2427
20	24671584	0.0000	2555
20	24671660	0.0000	2631
20	24672091	0.0000	3062
20	24672092	0.0000	3063
20	24672132	0.0004	3103
20	24672469	0.0004	3440
20	24672763	0.0000	3734
20	24673045	0.0000	4016
20	24673051	0.0000	4022
20	24673161	0.0000	4132
20	24673273	0.0000	4244
20	24674522	0.0000	5493
20	24674563	0.0000	5534
20	24675118	0.0000	6089
20	24675405	0.0004	6376
20	24675559	0.0000	6530
20	24675561	0.0000	6532
20	24675592	0.0000	6563
20	24675593	31.0000	6564
20	24895751	0.0000	0
20	24896092	0.0000	341
20	24896387	0.0000	636
20	24896449	0.0000	698
20	24896582	0.0004	831
20	24897268	0.0004	1517
20	24897400	0.0004	1649
20	24897512	0.0004	1761
20	24898387	0.0000	2636
20	24898781	0.0000	3030
20	24898917	0.0004	3166
20	24899445	0.0008	3694
20	24899593	0.0004	3842
20	24899779	0.0000	4028
20	24900656	0.0012	4905
20	24900755	0.0012	5004
20	24901297	0.0000	5546
20	24901864	0.0000	6113
20	24902124	0.0000	6373
20	24902944	0.0004	7193
20	24903092	0.0004	7341
20	24903204	0.0004	7453
20	24903426	0.0008	7675
20	24903496	0.0000	7745
20	24903512	0.0008	7761
20	24903743	0.0012	7992
20	24904432	0.0004	8681
20	24904611	0.0008	8860
20	24904883	0.0008	9132
20	24905079	0.0000	9328
20	24905107	0.0000	9356
20	24905108	0.0012	9357
20	24906383	0.0008	10632
20	24906402	0.0012	10651
20	24906805	0.0000	11054
20	24907442	0.0004	11691
20	24908139	0.0004	12388
20	24909274	0.0004	13523
20	24909393	0.0004	13642
20	24909955	39.0000	14204
20	24920237	0.0000	0
20	24920368	0.0008	131
20	24920931	0.0008	694
20	24921448	0.0000	1211
20	24921449	0.0000	1212
20	24921878	0.0000	1641
20	24922139	0.0000	1902
20	24922146	0.0000	1909
20	24922230	0.0000	1993
20	24922243	0.0008	2006
20	24922374	0.0004	2137
20	24922549	0.0000	2312
20	24922814	0.0004	2577
20	24924567	0.0004	4330
20	24924782	0.0000	4545
20	24924973	0.0000	4736
20	24925132	0.0000	4895
20	24925138	0.0004	4901
20	24925277	0.0000	5040
20	24925286	0.0004	5049
20	24925486	0.0008	5249
20	24926225	0.0008	5988
20	24926358	0.0004	6121
20	24926456	0.0004	6219
20	24926473	0.0008	6236
20	24926538	0.0012	6301
20	24926601	0.0008	6364
20	24926786	0.0004	6549
20	24926898	0.0000	6661
20	24926921	0.0004	6684
20	24927440	0.0012	7203
20	24927522	0.0012	7285
20	24928085	0.0000	7848
20	24928175	0.0000	7938
20	24928836	0.0000	8599
20	24929892	0.0004	9655
20	24929961	0.0008	9724
20	24930926	0.0000	10689
20	24930982	0.0000	10745
20	24931183	0.0000	10946
20	24931187	0.0004	10950
20	24931471	0.0000	11234
20	24932093	0.0000	11856
20	24932915	0.0004	12678
20	24932948	0.0004	12711
20	24933017	45.0000	12780
20	25285814	0.0004	0
20	25285840	0.0004	26
20	25286665	0.0004	851
20	25288994	0.0008	3180
20	25289107	0.0004	3293
20	25289367	0.0000	3553
20	25289703	0.0000	3889
20	25290450	0.0000	4636
20	25290690	0.0000	4876
20	25291687	0.0000	5873
20	25291854	0.0004	6040
20	25291997	0.0008	6183
20	25292799	0.0012	6985
20	25296044	0.0004	10230
20	25298577	0.0008	12763
20	25298679	0.0008	12865
20	25298903	0.0000	13089
20	25299569	0.0004	13755
20	25300145	0.0004	14331
20	25300548	0.0000	14734
20	25300697	0.0004	14883
20	25301097	0.0004	15283
20	25301198	0.0004	15384
20	25301797	23.0000	15983
20	25347650	0.0000	0
20	25348192	0.0004	542
20	25348673	0.0012	1023
20	25354219	0.0008	6569
20	25357035	0.0008	9385
20	25359193	0.0012	11543
20	25360680	0.0004	13030
20	25361821	0.0000	14171
20	25362819	0.0008	15169
20	25363362	0.0008	15712
20	25363595	0.0004	15945
20	25365446	0.0008	17796
20	25366061	0.0004	18411
20	25366585	0.0000	18935
20	25366927	0.0008	19277
20	25369587	0.0004	21937
20	25369689	0.0004	22039
20	25370041	0.0000	22391
20	25370308	0.0004	22658
20	25371952	0.0012	24302
20	25373925	0.0012	26275
20	25376240	0.0012	28590
20	25381065	0.0008	33415
20	25385429	0.0004	37779
20	25385788	0.0004	38138
20	25385989	0.0004	38339
20	25387737	0.0012	40087
20	25393563	0.0008	45913
20	25395482	0.0004	47832
20	25397151	0.0008	49501
20	25398166	0.0004	50516
20	25398368	0.0000	50718
20	25398433	0.0000	50783
20	25398890	0.0008	51240
20	25401259	0.0004	53609
20	25403343	0.0004	55693
20	25404358	0.0008	56708
20	25405829	0.0004	58179
20	25405873	0.0004	58223
20	25407434	0.0004	59784
20	25407497	0.0004	59847
20	25411893	0.0004	64243
20	25412338	0.0008	64688
20	25412400	0.0004	64750
20	25415242	0.0008	67592
20	25416621	0.0008	68971
20	25418240	0.0008	70590
20	25419604	0.0000	71954
20	25420237	0.0000	72587
20	25420567	0.0004	72917
20	25424482	0.0000	76832
20	25424550	0.0000	76900
20	25429623	0.0004	81973
20	25430450	0.0004	82800
20	25431115	0.0008	83465
20	25436306	0.0008	88656
20	25438045	0.0004	90395
20	25439441	0.0004	91791
20	25441012	0.0012	93362
20	25445307	0.0000	97657
20	25446445	0.0000	98795
20	25447200	0.0004	99550
20	25447625	0.0004	99975
20	25447675	0.0000	100025
20	25448150	0.0000	100500
20	25450044	0.0000	102394
20	25450109	0.0000	102459
20	25451965	67.0000	104315
20	25614841	0.0004	0
20	25615522	0.0000	681
20	25615676	0.0008	835
20	25616600	0.0004	1759
20	25619019	0.0000	4178
20	25619348	0.0004	4507
20	25620373	0.0004	5532
20	25620691	0.0000	5850
20	25621713	0.0008	6872
20	25624019	0.0008	9178
20	25624914	0.0000	10073
20	25625014	0.0004	10173
20	25625446	0.0004	10605
20	25625691	0.0000	10850
20	25626839	0.0000	11998
20	25627006	0.0000	12165
20	25627446	0.0004	12605
20	25627765	0.0000	12924
20	25627917	0.0008	13076
20	25629821	0.0004	14980
20	25631482	0.0004	16641
20	25631784	0.0000	16943
20	25633965	0.0012	19124
20	25636389	0.0012	21548
20	25641170	0.0000	26329
20	25642222	0.0008	27381
20	25645419	0.0000	30578
20	25645770	0.0000	30929
20	25646271	28.0000	31430
20	25958596	0.0008	0
20	25959418	0.0000	822
20	25959443	0.0000	847
20	25961998	0.0000	3402
20	25963037	0.0000	4441
20	25963295	0.0004	4699
20	25965517	0.0004	6921
20	25965524	0.0000	6928
20	25965551	0.0000	6955
20	25966316	0.0000	7720
20	25966791	0.0000	8195
20	25966800	0.0000	8204
20	25967325	0.0000	8729
20	25968271	0.0004	9675
20	25968471	0.0004	9875
20	25971140	0.0004	12544
20	25973656	0.0008	15060
20	25974385	0.0004	15789
20	25975404	0.0000	16808
20	25975935	0.0000	17339
20	25976613	0.0000	18017
20	25976688	0.0000	18092
20	25978662	0.0000	20066
20	25979080	0.0000	20484
20	25982624	0.0000	24028
20	25984073	0.0004	25477
20	25985195	26.0000	26599
20	30218256	0.0012	0
20	30218278	0.0004	22
20	30218555	0.0008	299
20	30218587	0.0008	331
20	30218621	0.0004	365
20	30218663	0.0000	407
20	30218683	0.0000	427
20	30218687	0.0000	431
20	30218734	0.0000	478
20	30218879	0.0000	623
20	30218929	0.0008	673
20	30219027	0.0008	771
20	30219049	0.0000	793
20	30219186	0.0000	930
20	30219192	0.0000	936
20	30219200	0.0004	944
20	30219218	0.0004	962
20	30219240	0.0000	984
20	30219426	0.0000	1170
20	30219486	0.0000	1230
20	30219489	0.0000	1233
20	30219567	0.0000	1311
20	30219568	0.0008	1312
20	30219711	0.0008	1455
20	30219787	0.0000	1531
20	30219800	0.0000	1544
20	30219841	0.0000	1585
20	30219868	0.0000	1612
20	30219870	0.0000	1614
20	30220047	0.0000	1791
20	30220214	0.0000	1958
20	30220295	0.0008	2039
20	30220805	32.0000	2549
20	30383997	0.0000	0
20	30384003	0.0000	6
20	30384029	0.0000	32
20	30384039	0.0000	42
20	30384054	0.0000	57
20	30384065	0.0000	68
20	30384122	0.0000	125
20	30384123	0.0000	126
20	30384150	0.0000	153
20	30384153	0.0000	156
20	30384158	0.0000	161
20	30384195	0.0000	198
20	30384196	0.0000	199
20	30384312	0.0000	315
20	30384317	0.0000	320
20	30384322	0.0012	325
20	30384359	0.0012	362
20	30384403	0.0008	406
20	30384461	0.0012	464
20	30384504	0.0004	507
20	30384538	0.0000	541
20	30384588	0.0000	591
20	30384590	0.0000	593
20	30384677	0.0000	680
20	30384695	0.0000	698
20	30384696	25.0000	699
20	30390869	0.0000	0
20	30390874	0.0000	5
20	30391040	0.0000	171
20	30391044	0.0000	175
20	30391069	0.0000	200
20	30391112	0.0000	243
20	30391162	0.0000	293
20	30391200	0.0000	331
20	30391259	0.0000	390
20	30391321	0.0012	452
20	30391351	0.0012	482
20	30391436	0.0000	567
20	30391451	0.0000	582
20	30391471	0.0000	602
20	30391503	0.0000	634
20	30391518	0.0000	649
20	30391620	0.0000	751
20	30391639	0.0000	770
20	30391657	0.0000	788
20	30391659	0.0000	790
20	30391666	0.0000	797
20	30391931	0.0000	1062
20	30392044	0.0012	1175
20	30392902	0.0012	2033
20	30393154	0.0000	2285
20	30393212	0.0000	2343
20	30393336	0.0000	2467
20	30393595	0.0000	2726
20	30393659	0.0000	2790
20	30393665	0.0000	2796
20	30393685	0.0000	2816
20	30393755	0.0000	2886
20	30393812	0.0000	2943
20	30393935	0.0000	3066
20	30393939	0.0004	3070
20	30393955	0.0004	3086
20	30393997	0.0000	3128
20	30394039	0.0000	3170
20	30394048	0.0000	3179
20	30394053	0.0000	3184
20	30394185	0.0000	3316
20	30394200	41.0000	3331
20	30634191	0.0004	0
20	30634204	0.0000	13
20	30634222	0.0000	31
20	30634227	0.0000	36
20	30634241	0.0008	50
20	30634420	0.0000	229
20	30634428	0.0000	237
20	30634432	0.0000	241
20	30634440	0.0008	249
20	30634482	0.0000	291
20	30634561	0.0000	370
20	30634567	0.0004	376
20	30634588	0.0008	397
20	30634696	0.0000	505
20	30634704	0.0008	513
20	30634737	0.0000	546
20	30634762	0.0000	571
20	30634766	0.0004	575
20	30634970	0.0000	779
20	30635111	0.0000	920
20	30635113	0.0012	922
20	30635237	0.0012	1046
20	30635404	0.0000	1213
20	30635423	23.0000	1232
20	30812088	0.0005	0
20	30812160	0.0000	72
20	30812163	0.0004	75
20	30812268	0.0004	180
20	30812298	0.0000	210
20	30812370	0.0000	282
20	30812436	0.0000	348
20	30812517	0.0000	429
20	30812532	0.0000	444
20	30812533	0.0000	445
20	30812537	0.0004	449
20	30812573	0.0000	485
20	30812588	0.0004	500
20	30812646	0.0000	558
20	30812664	0.0000	576
20	30812673	0.0000	585
20	30812772	0.0000	684
20	30812791	0.0000	703
20	30812805	0.0000	717
20	30812844	0.0000	756
20	30812879	0.0000	791
20	30812889	0.0000	801
20	30812931	0.0000	843
20	30813019	0.0000	931
20	30813085	0.0000	997
20	30813125	0.0000	1037
20	30813164	0.0012	1076
20	30813204	0.0000	1116
20	30813209	0.0000	1121
20	30813224	0.0000	1136
20	30813232	0.0000	1144
20	30813250	0.0000	1162
20	30813273	0.0000	1185
20	30813467	0.0004	1379
20	30813491	0.0012	1403
20	30813573	0.0000	1485
20	30813599	0.0000	1511
20	30813612	0.0000	1524
20	30813675	0.0000	1587
20	30813758	0.0000	1670
20	30813803	0.0000	1715
20	30813824	0.0000	1736
20	30813837	0.0012	1749
20	30813919	0.0012	1831
20	30813987	0.0004	1899
20	30813988	0.0004	1900
20	30814043	0.0000	1955
20	30814077	0.0000	1989
20	30814084	0.0000	1996
20	30814130	0.0000	2042
20	30814140	0.0000	2052
20	30814170	0.0000	2082
20	30814221	0.0008	2133
20	30814222	0.0008	2134
20	30814227	0.0008	2139
20	30814240	0.0008	2152
20	30814252	0.0000	2164
20	30814257	0.0000	2169
20	30814263	0.0000	2175
20	30814264	0.0000	2176
20	30814279	0.0000	2191
20	30814300	0.0008	2212
20	30814319	0.0008	2231
20	30814351	0.0000	2263
20	30814368	0.0000	2280
20	30814370	0.0004	2282
20	30814378	0.0004	2290
20	30814422	0.0000	2334
20	30814436	0.0012	2348
20	30814447	0.0012	2359
20	30814456	0.0000	2368
20	30814502	71.0000	2414
20	30814858	0.0000	0
20	30814861	0.0000	3
20	30814895	0.0000	37
20	30814919	0.0000	61
20	30814920	0.0000	62
20	30814923	0.0000	65
20	30814928	0.0000	70
20	30814932	0.0000	74
20	30815065	0.0000	207
20	30815067	0.0000	209
20	30815231	0.0000	373
20	30815272	0.0004	414
20	30815434	0.0012	576
20	30815534	0.0012	676
20	30815552	0.0000	694
20	30815553	0.0004	695
20	30815561	0.0000	703
20	30815564	0.0000	706
20	30815581	0.0000	723
20	30815587	0.0000	729
20	30815591	0.0000	733
20	30815592	0.0000	734
20	30815599	0.0000	741
20	30815600	0.0000	742
20	30815605	0.0000	747
20	30815611	0.0000	753
20	30815619	0.0000	761
20	30815624	0.0000	766
20	30815628	0.0000	770
20	30815632	0.0000	774
20	30815634	0.0000	776
20	30815715	0.0000	857
20	30815726	0.0000	868
20	30815815	0.0000	957
20	30815883	0.0000	1025
20	30815924	0.0000	1066
20	30815941	0.0000	1083
20	30816014	0.0000	1156
20	30816027	0.0000	1169
20	30816030	0.0000	1172
20	30816039	0.0000	1181
20	30816058	0.0000	1200
20	30816070	0.0000	1212
20	30816085	0.0000	1227
20	30816145	0.0000	1287
20	30816195	0.0000	1337
20	30816275	0.0000	1417
20	30816284	0.0000	1426
20	30816322	0.0000	1464
20	30816400	49.0000	1542
20	30816612	0.0000	0
20	30816614	0.0000	2
20	30816628	0.0000	16
20	30816724	0.0000	112
20	30816831	0.0000	219
20	30816905	0.0000	293
20	30816954	0.0000	342
20	30817080	0.0000	468
20	30817086	0.0000	474
20	30817088	0.0000	476
20	30817180	0.0004	568
20	30817194	0.0000	582
20	30817196	0.0000	584
20	30817203	0.0004	591
20	30817208	0.0008	596
20	30817452	0.0000	840
20	30817459	0.0000	847
20	30817492	0.0000	880
20	30817501	0.0000	889
20	30817510	0.0000	898
20	30817666	0.0000	1054
20	30817833	0.0000	1221
20	30817860	0.0000	1248
20	30817905	0.0000	1293
20	30817923	0.0000	1311
20	30817936	0.0000	1324
20	30817938	0.0000	1326
20	30817981	0.0000	1369
20	30818047	0.0000	1435
20	30818081	0.0004	1469
20	30818095	0.0004	1483
20	30818157	0.0000	1545
20	30818304	0.0000	1692
20	30818322	0.0000	1710
20	30818325	0.0000	1713
20	30818401	0.0000	1789
20	30818527	0.0000	1915
20	30818538	0.0000	1926
20	30818558	0.0000	1946
20	30818599	0.0000	1987
20	30818612	0.0000	2000
20	30818728	0.0000	2116
20	30818769	0.0000	2157
20	30818803	0.0004	2191
20	30818915	0.0012	2303
20	30818998	0.0008	2386
20	30819051	0.0000	2439
20	30819106	0.0000	2494
20	30819184	0.0000	2572
20	30819240	0.0000	2628
20	30819278	0.0000	2666
20	30819397	0.0000	2785
20	30819655	0.0000	3043
20	30819691	0.0000	3079
20	30819695	0.0000	3083
20	30819703	0.0000	3091
20	30819818	0.0000	3206
20	30819839	0.0012	3227
20	30819887	0.0012	3275
20	30820043	0.0000	3431
20	30820189	0.0000	3577
20	30820293	0.0000	3681
20	30820316	0.0000	3704
20	30820346	0.0000	3734
20	30820364	0.0000	3752
20	30820395	0.0000	3783
20	30820452	0.0000	3840
20	30820458	0.0000	3846
20	30820525	0.0000	3913
20	30820691	0.0000	4079
20	30820693	0.0000	4081
20	30820708	0.0000	4096
20	30820729	0.0000	4117
20	30820908	0.0000	4296
20	30820954	0.0000	4342
20	30821147	0.0000	4535
20	30821170	0.0000	4558
20	30821201	0.0000	4589
20	30821202	0.0000	4590
20	30821254	0.0000	4642
20	30821262	0.0000	4650
20	30821273	0.0000	4661
20	30821339	0.0000	4727
20	30821391	0.0000	4779
20	30821399	0.0000	4787
20	30821400	0.0000	4788
20	30821430	0.0000	4818
20	30821469	0.0000	4857
20	30821494	0.0000	4882
20	30821557	0.0000	4945
20	30821642	0.0000	5030
20	30821677	0.0000	5065
20	30821780	0.0000	5168
20	30821782	0.0000	5170
20	30821919	0.0000	5307
20	30821947	0.0000	5335
20	30822013	0.0000	5401
20	30822017	0.0000	5405
20	30822080	0.0000	5468
20	30822102	0.0000	5490
20	30822176	0.0000	5564
20	30822193	0.0000	5581
20	30822204	0.0000	5592
20	30822215	0.0000	5603
20	30822228	0.0000	5616
20	30822229	0.0000	5617
20	30822239	0.0000	5627
20	30822260	0.0000	5648
20	30822314	0.0000	5702
20	30822347	0.0000	5735
20	30822502	0.0000	5890
20	30822565	0.0000	5953
20	30822584	0.0000	5972
20	30822603	0.0000	5991
20	30822605	0.0000	5993
20	30822649	0.0000	6037
20	30822670	0.0000	6058
20	30822698	0.0000	6086
20	30822729	0.0000	6117
20	30822744	0.0000	6132
20	30822754	0.0000	6142
20	30822763	0.0000	6151
20	30822774	0.0000	6162
20	30822840	0.0000	6228
20	30822876	0.0000	6264
20	30822954	0.0000	6342
20	30822958	0.0000	6346
20	30822979	0.0000	6367
20	30823068	0.0000	6456
20	30823101	0.0000	6489
20	30823212	0.0000	6600
20	30823249	0.0000	6637
20	30823279	0.0000	6667
20	30823408	0.0000	6796
20	30823412	0.0000	6800
20	30823441	0.0000	6829
20	30823463	0.0000	6851
20	30823531	0.0000	6919
20	30823561	0.0000	6949
20	30823583	0.0000	6971
20	30823797	0.0004	7185
20	30823802	0.0004	7190
20	30823817	0.0000	7205
20	30823948	0.0000	7336
20	30823977	0.0000	7365
20	30824100	0.0000	7488
20	30824107	0.0000	7495
20	30824118	0.0000	7506
20	30824253	0.0000	7641
20	30824283	0.0000	7671
20	30824284	0.0000	7672
20	30824308	0.0000	7696
20	30824388	0.0000	7776
20	30824414	0.0000	7802
20	30824427	0.0000	7815
20	30824432	0.0000	7820
20	30824433	0.0000	7821
20	30824448	0.0000	7836
20	30824450	0.0000	7838
20	30824528	0.0000	7916
20	30824578	0.0000	7966
20	30824667	0.0000	8055
20	30824670	0.0000	8058
20	30824680	0.0000	8068
20	30824743	0.0000	8131
20	30824857	0.0000	8245
20	30824943	0.0000	8331
20	30824966	0.0000	8354
20	30824980	0.0000	8368
20	30825016	0.0000	8404
20	30825042	0.0000	8430
20	30825066	0.0000	8454
20	30825155	0.0000	8543
20	30825172	0.0000	8560
20	30825299	0.0000	8687
20	30825412	0.0000	8800
20	30825416	0.0000	8804
20	30825499	0.0000	8887
20	30825648	0.0000	9036
20	30825729	0.0000	9117
20	30825787	0.0000	9175
20	30825887	0.0000	9275
20	30825959	0.0000	9347
20	30825971	0.0000	9359
20	30826023	0.0000	9411
20	30826033	0.0000	9421
20	30826080	0.0000	9468
20	30826107	0.0008	9495
20	30826144	0.0008	9532
20	30826219	0.0000	9607
20	30826239	0.0000	9627
20	30826241	0.0000	9629
20	30826249	0.0000	9637
20	30826251	0.0000	9639
20	30826256	0.0000	9644
20	30826262	0.0000	9650
20	30826281	0.0000	9669
20	30826286	0.0008	9674
20	30826300	0.0008	9688
20	30826325	0.0000	9713
20	30826349	0.0000	9737
20	30826440	0.0000	9828
20	30826442	0.0000	9830
20	30826588	0.0000	9976
20	30826661	0.0004	10049
20	30826707	0.0004	10095
20	30826815	0.0000	10203
20	30827008	0.0000	10396
20	30827071	0.0000	10459
20	30827088	0.0000	10476
20	30827104	0.0000	10492
20	30827137	0.0000	10525
20	30827240	0.0000	10628
20	30827285	0.0000	10673
20	30827295	0.0000	10683
20	30827304	0.0000	10692
20	30827321	0.0000	10709
20	30827362	0.0000	10750
20	30827388	0.0000	10776
20	30827428	0.0000	10816
20	30827591	0.0000	10979
20	30827612	0.0000	11000
20	30827620	222.0000	11008
20	30828218	0.0004	0
20	30828301	0.0000	83
20	30828310	0.0004	92
20	30828384	0.0000	166
20	30828417	0.0000	199
20	30828529	0.0000	311
20	30828707	0.0000	489
20	30828798	0.0000	580
20	30828887	0.0000	669
20	30828896	0.0000	678
20	30828919	0.0000	701
20	30829041	0.0000	823
20	30829047	0.0000	829
20	30829094	0.0000	876
20	30829115	0.0000	897
20	30829117	0.0000	899
20	30829125	0.0000	907
20	30829130	0.0000	912
20	30829170	0.0000	952
20	30829204	0.0000	986
20	30829237	0.0000	1019
20	30829298	0.0000	1080
20	30829360	0.0000	1142
20	30829373	0.0000	1155
20	30829403	0.0000	1185
20	30829422	0.0000	1204
20	30829475	0.0000	1257
20	30829476	0.0000	1258
20	30829492	0.0000	1274
20	30829595	0.0000	1377
20	30829752	0.0000	1534
20	30829832	0.0000	1614
20	30829841	0.0000	1623
20	30829867	0.0000	1649
20	30829890	0.0000	1672
20	30829917	0.0000	1699
20	30829923	0.0000	1705
20	30829941	0.0000	1723
20	30830031	0.0000	1813
20	30830045	0.0000	1827
20	30830065	0.0000	1847
20	30830089	0.0000	1871
20	30830097	0.0000	1879
20	30830104	0.0000	1886
20	30830137	0.0004	1919
20	30830187	0.0004	1969
20	30830247	0.0000	2029
20	30830314	0.0000	2096
20	30830316	0.0000	2098
20	30830319	0.0000	2101
20	30830328	0.0000	2110
20	30830337	0.0008	2119
20	30830410	0.0008	2192
20	30830424	0.0000	2206
20	30830585	0.0000	2367
20	30830588	0.0000	2370
20	30830659	0.0000	2441
20	30830667	0.0000	2449
20	30830672	0.0000	2454
20	30830718	0.0000	2500
20	30830746	0.0000	2528
20	30830863	0.0000	2645
20	30830878	0.0000	2660
20	30830941	0.0000	2723
20	30831020	0.0000	2802
20	30831035	0.0000	2817
20	30831112	0.0000	2894
20	30831140	0.0000	2922
20	30831207	0.0000	2989
20	30831213	0.0004	2995
20	30831249	0.0004	3031
20	30831352	0.0000	3134
20	30831380	0.0000	3162
20	30831433	0.0000	3215
20	30831449	0.0000	3231
20	30831627	0.0000	3409
20	30831692	0.0000	3474
20	30831694	0.0000	3476
20	30831708	0.0000	3490
20	30831740	0.0000	3522
20	30831782	0.0000	3564
20	30831827	0.0000	3609
20	30831867	0.0000	3649
20	30831868	0.0000	3650
20	30831963	0.0000	3745
20	30831971	0.0000	3753
20	30832016	0.0000	3798
20	30832026	0.0000	3808
20	30832027	0.0000	3809
20	30832031	0.0000	3813
20	30832154	0.0000	3936
20	30832166	0.0000	3948
20	30832212	0.0000	3994
20	30832214	0.0000	3996
20	30832241	0.0000	4023
20	30832255	0.0000	4037
20	30832396	0.0000	4178
20	30832406	0.0000	4188
20	30832497	0.0000	4279
20	30832545	0.0000	4327
20	30832553	0.0000	4335
20	30832577	0.0000	4359
20	30832593	0.0000	4375
20	30832595	0.0000	4377
20	30832641	0.0004	4423
20	30832648	0.0004	4430
20	30832675	0.0000	4457
20	30832783	0.0000	4565
20	30832808	0.0000	4590
20	30832857	0.0000	4639
20	30832887	0.0000	4669
20	30832903	0.0008	4685
20	30832916	0.0008	4698
20	30833084	0.0000	4866
20	30833129	0.0000	4911
20	30833132	0.0000	4914
20	30833150	0.0000	4932
20	30833307	0.0000	5089
20	30833367	0.0012	5149
20	30833423	0.0008	5205
20	30833432	120.0000	5214
20	30833630	0.0000	0
20	30833655	0.0000	25
20	30833754	0.0000	124
20	30833831	0.0000	201
20	30833834	0.0000	204
20	30833874	0.0000	244
20	30833895	0.0000	265
20	30833936	0.0000	306
20	30833962	0.0000	332
20	30834078	0.0000	448
20	30834091	0.0000	461
20	30834092	0.0000	462
20	30834169	0.0000	539
20	30834173	0.0000	543
20	30834218	0.0000	588
20	30834220	0.0000	590
20	30834236	0.0000	606
20	30834279	0.0000	649
20	30834326	0.0000	696
20	30834365	0.0000	735
20	30834378	0.0000	748
20	30834389	0.0000	759
20	30834390	0.0000	760
20	30834411	0.0000	781
20	30834427	0.0000	797
20	30834431	0.0000	801
20	30834434	0.0000	804
20	30834435	0.0008	805
20	30834473	0.0008	843
20	30834496	0.0000	866
20	30834530	0.0004	900
20	30834594	0.0004	964
20	30834638	0.0000	1008
20	30834696	0.0000	1066
20	30834712	0.0000	1082
20	30834809	0.0000	1179
20	30834817	0.0000	1187
20	30834831	0.0000	1201
20	30834905	0.0000	1275
20	30834964	0.0000	1334
20	30834979	0.0000	1349
20	30835010	0.0000	1380
20	30835066	0.0000	1436
20	30835098	0.0000	1468
20	30835153	0.0000	1523
20	30835157	0.0000	1527
20	30835168	0.0000	1538
20	30835205	0.0000	1575
20	30835211	0.0000	1581
20	30835268	0.0000	1638
20	30835303	0.0000	1673
20	30835325	0.0000	1695
20	30835334	0.0000	1704
20	30835341	0.0000	1711
20	30835347	0.0008	1717
20	30835350	0.0008	1720
20	30835366	0.0000	1736
20	30835438	0.0000	1808
20	30835497	0.0000	1867
20	30835510	0.0000	1880
20	30835658	0.0000	2028
20	30835660	0.0000	2030
20	30835736	0.0000	2106
20	30835763	0.0000	2133
20	30835767	0.0000	2137
20	30835799	0.0000	2169
20	30835856	0.0000	2226
20	30835941	0.0000	2311
20	30835944	0.0000	2314
20	30835975	0.0000	2345
20	30835986	0.0000	2356
20	30836032	0.0000	2402
20	30836037	0.0004	2407
20	30836078	0.0004	2448
20	30836104	0.0000	2474
20	30836107	0.0000	2477
20	30836109	0.0000	2479
20	30836128	0.0000	2498
20	30836154	0.0000	2524
20	30836160	0.0012	2530
20	30836188	0.0000	2558
20	30836194	0.0000	2564
20	30836256	0.0000	2626
20	30836276	0.0000	2646
20	30836322	0.0000	2692
20	30836340	0.0000	2710
20	30836357	0.0000	2727
20	30836386	0.0000	2756
20	30836416	0.0000	2786
20	30836423	0.0000	2793
20	30836445	0.0000	2815
20	30836525	0.0000	2895
20	30836543	0.0000	2913
20	30836558	0.0000	2928
20	30836588	0.0000	2958
20	30836766	0.0000	3136
20	30836817	0.0000	3187
20	30836846	0.0000	3216
20	30836908	0.0000	3278
20	30836913	0.0000	3283
20	30836919	0.0004	3289
20	30836991	0.0004	3361
20	30837073	0.0000	3443
20	30837112	0.0000	3482
20	30837116	0.0000	3486
20	30837200	0.0012	3570
20	30837263	0.0000	3633
20	30837264	0.0012	3634
20	30837284	0.0000	3654
20	30837310	0.0000	3680
20	30837347	0.0000	3717
20	30837365	0.0000	3735
20	30837523	0.0000	3893
20	30837563	0.0000	3933
20	30837569	0.0000	3939
20	30837735	0.0000	4105
20	30837758	0.0000	4128
20	30837895	0.0000	4265
20	30837903	118.0000	4273
20	30839066	0.0000	0
20	30839085	0.0004	19
20	30839089	0.0008	23
20	30839136	0.0000	70
20	30839282	0.0000	216
20	30839283	0.0000	217
20	30839468	0.0004	402
20	30839478	0.0004	412
20	30839526	0.0000	460
20	30839650	0.0000	584
20	30839658	0.0000	592
20	30839659	0.0000	593
20	30839702	0.0000	636
20	30839814	0.0000	748
20	30839853	0.0000	787
20	30839871	0.0000	805
20	30839919	0.0000	853
20	30839992	0.0000	926
20	30840042	0.0000	976
20	30840113	0.0000	1047
20	30840374	20.0000	1308
20	30849027	0.0000	0
20	30849030	0.0004	3
20	30849057	0.0000	30
20	30849101	0.0000	74
20	30849141	0.0000	114
20	30849202	0.0000	175
20	30849246	0.0000	219
20	30849289	0.0000	262
20	30849393	0.0000	366
20	30849467	0.0000	440
20	30849556	0.0000	529
20	30849566	0.0000	539
20	30849572	0.0000	545
20	30849586	0.0000	559
20	30849594	0.0000	567
20	30849610	0.0000	583
20	30849631	0.0000	604
20	30849637	0.0000	610
20	30849641	0.0000	614
20	30849657	0.0000	630
20	30849748	0.0000	721
20	30849807	0.0000	780
20	30849816	22.0000	789
20	30850758	0.0000	0
20	30850803	0.0004	45
20	30850813	0.0012	55
20	30850879	0.0004	121
20	30851002	0.0000	244
20	30851052	0.0000	294
20	30851062	0.0000	304
20	30851069	0.0000	311
20	30851092	0.0000	334
20	30851112	0.0000	354
20	30851117	0.0000	359
20	30851163	0.0000	405
20	30851187	0.0000	429
20	30851201	0.0000	443
20	30851222	0.0000	464
20	30851228	0.0000	470
20	30851241	0.0000	483
20	30851318	0.0000	560
20	30851371	0.0012	613
20	30851387	0.0012	629
20	30851485	0.0000	727
20	30851490	0.0000	732
20	30851491	0.0000	733
20	30851546	0.0000	788
20	30851564	0.0000	806
20	30851637	0.0000	879
20	30851681	0.0000	923
20	30851688	0.0000	930
20	30851696	0.0004	938
20	30851710	29.0000	952
20	30859908	0.0008	0
20	30859931	0.0000	23
20	30859938	0.0000	30
20	30859947	0.0004	39
20	30859959	0.0000	51
20	30859962	0.0004	54
20	30860013	0.0000	105
20	30860017	0.0000	109
20	30860046	0.0000	138
20	30860136	0.0000	228
20	30860171	0.0000	263
20	30860181	0.0000	273
20	30860284	0.0012	376
20	30860306	0.0012	398
20	30860312	0.0000	404
20	30860357	0.0000	449
20	30860462	0.0000	554
20	30860464	0.0000	556
20	30860529	0.0000	621
20	30860541	0.0000	633
20	30860619	0.0000	711
20	30860621	21.0000	713
20	30861078	0.0004	0
20	30861237	0.0000	159
20	30861276	0.0004	198
20	30861284	0.0012	206
20	30861547	0.0004	469
20	30861560	0.0008	482
20	30861946	0.0000	868
20	30861953	0.0008	875
20	30862000	0.0012	922
20	30862071	0.0000	993
20	30862090	0.0004	1012
20	30862125	0.0000	1047
20	30862180	0.0004	1102
20	30862216	0.0004	1138
20	30862299	0.0000	1221
20	30862371	0.0000	1293
20	30862372	0.0004	1294
20	30862377	0.0004	1299
20	30862380	0.0000	1302
20	30862386	0.0004	1308
20	30862410	0.0004	1332
20	30862421	0.0000	1343
20	30862509	0.0008	1431
20	30862522	0.0008	1444
20	30862554	0.0000	1476
20	30862574	0.0000	1496
20	30862580	0.0000	1502
20	30862588	0.0000	1510
20	30862598	0.0000	1520
20	30862804	0.0000	1726
20	30862807	0.0000	1729
20	30862810	0.0000	1732
20	30862901	0.0000	1823
20	30862942	0.0000	1864
20	30862967	0.0000	1889
20	30862975	0.0000	1897
20	30862979	0.0008	1901
20	30863037	0.0000	1959
20	30863046	38.0000	1968
20	30867766	0.0012	0
20	30867812	0.0000	46
20	30867832	0.0004	66
20	30867836	0.0004	70
20	30867860	0.0000	94
20	30867863	0.0000	97
20	30867870	0.0000	104
20	30867977	0.0000	211
20	30867989	0.0000	223
20	30868003	0.0000	237
20	30868005	0.0000	239
20	30868011	0.0000	245
20	30868033	0.0000	267
20	30868053	0.0000	287
20	30868060	0.0000	294
20	30868130	0.0004	364
20	30868182	0.0000	416
20	30868188	0.0000	422
20	30868191	0.0008	425
20	30868234	0.0000	468
20	30868238	0.0000	472
20	30868246	0.0000	480
20	30868261	0.0000	495
20	30868262	0.0000	496
20	30868266	0.0004	500
20	30868445	0.0000	679
20	30868453	0.0004	687
20	30868508	0.0000	742
20	30868523	0.0000	757
20	30868542	0.0000	776
20	30868543	0.0008	777
20	30868559	0.0008	793
20	30868581	0.0000	815
20	30868643	0.0000	877
20	30868656	0.0004	890
20	30868777	0.0000	1011
20	30868780	0.0000	1014
20	30868789	0.0000	1023
20	30868790	38.0000	1024
20	30873401	0.0000	0
20	30873429	0.0000	28
20	30873454	0.0000	53
20	30873514	0.0000	113
20	30873520	0.0000	119
20	30873530	0.0000	129
20	30873535	0.0000	134
20	30873536	0.0004	135
20	30873547	0.0000	146
20	30873562	0.0000	161
20	30873571	0.0000	170
20	30873575	0.0004	174
20	30873577	0.0008	176
20	30873666	0.0000	265
20	30873688	0.0000	287
20	30873732	0.0000	331
20	30873787	0.0012	386
20	30873806	0.0012	405
20	30873899	0.0000	498
20	30873904	0.0000	503
20	30873950	0.0000	549
20	30873972	0.0008	571
20	30873992	0.0008	591
20	30874018	0.0008	617
20	30874163	0.0004	762
20	30874169	0.0000	768
20	30874172	0.0000	771
20	30874202	0.0000	801
20	30874218	0.0000	817
20	30874224	0.0000	823
20	30874233	30.0000	832
20	30876063	0.0000	0
20	30876119	0.0000	56
20	30876154	0.0000	91
20	30876317	0.0000	254
20	30876332	0.0008	269
20	30876336	0.0008	273
20	30876581	0.0000	518
20	30876606	0.0000	543
20	30876647	0.0000	584
20	30876648	0.0000	585
20	30876653	0.0000	590
20	30876659	0.0000	596
20	30876685	0.0004	622
20	30876921	0.0004	858
20	30877009	0.0004	946
20	30877048	0.0000	985
20	30877066	0.0000	1003
20	30877089	0.0008	1026
20	30877203	0.0008	1140
20	30877211	0.0000	1148
20	30877217	0.0000	1154
20	30877239	0.0000	1176
20	30877339	0.0000	1276
20	30877342	0.0000	1279
20	30877354	0.0000	1291
20	30877458	0.0000	1395
20	30877480	0.0000	1417
20	30877481	0.0000	1418
20	30877502	0.0000	1439
20	30877514	0.0000	1451
20	30877531	0.0000	1468
20	30877532	0.0000	1469
20	30877580	0.0000	1517
20	30877673	0.0000	1610
20	30877685	0.0000	1622
20	30877701	0.0000	1638
20	30877828	0.0000	1765
20	30877829	0.0000	1766
20	30877915	0.0000	1852
20	30877959	0.0000	1896
20	30878198	0.0000	2135
20	30878222	0.0000	2159
20	30878247	42.0000	2184
20	30928117	0.0000	0
20	30928126	0.0000	9
20	30928150	0.0008	33
20	30928604	0.0000	487
20	30928616	0.0000	499
20	30928636	0.0004	519
20	30928913	0.0000	796
20	30928922	0.0000	805
20	30928949	0.0004	832
20	30929356	0.0000	1239
20	30929363	0.0000	1246
20	30929516	0.0000	1399
20	30929517	0.0000	1400
20	30929559	0.0000	1442
20	30929656	0.0000	1539
20	30929682	0.0000	1565
20	30929749	0.0000	1632
20	30929763	0.0000	1646
20	30929840	0.0000	1723
20	30929851	0.0000	1734
20	30929996	0.0000	1879
20	30930023	0.0000	1906
20	30930058	0.0000	1941
20	30930095	0.0000	1978
20	30930104	0.0000	1987
20	30930109	0.0008	1992
20	30930153	0.0008	2036
20	30930200	0.0000	2083
20	30930243	0.0000	2126
20	30930251	0.0000	2134
20	30930290	0.0000	2173
20	30930320	0.0000	2203
20	30930342	0.0000	2225
20	30930406	0.0000	2289
20	30930416	0.0000	2299
20	30930417	0.0000	2300
20	30930421	0.0000	2304
20	30930502	0.0000	2385
20	30930509	0.0000	2392
20	30930650	0.0000	2533
20	30930662	0.0000	2545
20	30930672	0.0000	2555
20	30930751	0.0000	2634
20	30930822	0.0000	2705
20	30930849	0.0000	2732
20	30930863	0.0000	2746
20	30930911	0.0000	2794
20	30930918	0.0000	2801
20	30930950	0.0000	2833
20	30930951	0.0000	2834
20	30930980	0.0000	2863
20	30931047	0.0000	2930
20	30931130	0.0000	3013
20	30931242	0.0004	3125
20	30931250	0.0004	3133
20	30931853	0.0000	3736
20	30931887	0.0000	3770
20	30931891	0.0000	3774
20	30931910	0.0000	3793
20	30931924	0.0000	3807
20	30931983	0.0000	3866
20	30932019	0.0000	3902
20	30932028	0.0012	3911
20	30932112	0.0012	3995
20	30932306	0.0000	4189
20	30932331	0.0000	4214
20	30932359	0.0000	4242
20	30932436	0.0000	4319
20	30932441	0.0000	4324
20	30932499	0.0000	4382
20	30932525	0.0000	4408
20	30932565	71.0000	4448
20	30936845	0.0000	0
20	30936849	0.0000	4
20	30936872	0.0008	27
20	30936985	0.0000	140
20	30937021	0.0000	176
20	30937025	0.0000	180
20	30937051	0.0000	206
20	30937142	0.0000	297
20	30937157	0.0000	312
20	30937166	0.0000	321
20	30937228	0.0000	383
20	30937252	0.0000	407
20	30937313	0.0000	468
20	30937362	0.0000	517
20	30937366	0.0000	521
20	30937374	0.0000	529
20	30937433	0.0000	588
20	30937466	0.0000	621
20	30937470	0.0000	625
20	30937482	0.0012	637
20	30937601	0.0000	756
20	30937618	0.0000	773
20	30937664	0.0000	819
20	30938005	0.0000	1160
20	30938029	0.0000	1184
20	30938060	0.0000	1215
20	30938064	0.0000	1219
20	30938104	0.0000	1259
20	30938137	0.0000	1292
20	30938181	0.0000	1336
20	30938311	0.0000	1466
20	30938343	0.0000	1498
20	30938346	0.0000	1501
20	30938364	0.0000	1519
20	30938368	0.0000	1523
20	30938389	0.0000	1544
20	30938449	0.0000	1604
20	30938450	0.0000	1605
20	30938453	0.0000	1608
20	30938512	0.0000	1667
20	30938517	0.0000	1672
20	30938518	0.0000	1673
20	30938546	0.0000	1701
20	30938625	0.0000	1780
20	30938696	0.0000	1851
20	30938713	0.0000	1868
20	30938955	0.0000	2110
20	30938961	0.0000	2116
20	30939064	0.0004	2219
20	30939275	0.0004	2430
20	30939334	0.0000	2489
20	30939340	0.0000	2495
20	30939362	0.0000	2517
20	30939416	0.0000	2571
20	30939435	0.0000	2590
20	30939455	0.0000	2610
20	30939484	0.0000	2639
20	30939558	0.0000	2713
20	30939566	0.0000	2721
20	30939571	0.0000	2726
20	30939700	0.0000	2855
20	30939725	0.0000	2880
20	30939726	0.0000	2881
20	30939754	0.0000	2909
20	30939767	0.0000	2922
20	30939789	0.0000	2944
20	30939815	0.0000	2970
20	30939838	0.0000	2993
20	30939860	0.0000	3015
20	30939883	0.0000	3038
20	30939905	0.0004	3060
20	30939918	71.0000	3073
20	30939968	0.0000	0
20	30939996	0.0000	28
20	30940030	0.0000	62
20	30940034	0.0000	66
20	30940035	0.0000	67
20	30940051	0.0000	83
20	30940075	0.0000	107
20	30940133	0.0000	165
20	30940138	0.0008	170
20	30940146	0.0008	178
20	30940151	0.0000	183
20	30940157	0.0000	189
20	30940167	0.0000	199
20	30940260	0.0000	292
20	30940314	0.0000	346
20	30940328	0.0000	360
20	30940329	0.0000	361
20	30940376	0.0000	408
20	30940606	0.0000	638
20	30940622	0.0000	654
20	30940833	0.0000	865
20	30940916	0.0000	948
20	30941005	0.0000	1037
20	30941011	0.0000	1043
20	30941074	0.0000	1106
20	30941137	0.0000	1169
20	30941180	0.0000	1212
20	30941243	0.0000	1275
20	30941316	0.0000	1348
20	30941340	0.0000	1372
20	30941354	0.0000	1386
20	30941365	0.0000	1397
20	30941426	0.0004	1458
20	30941541	0.0000	1573
20	30941577	0.0000	1609
20	30941686	0.0000	1718
20	30941692	0.0000	1724
20	30941715	0.0000	1747
20	30941790	0.0000	1822
20	30941809	0.0000	1841
20	30941833	0.0000	1865
20	30941890	0.0000	1922
20	30941976	0.0000	2008
20	30941987	0.0000	2019
20	30942018	0.0000	2050
20	30942033	0.0000	2065
20	30942048	0.0000	2080
20	30942073	0.0000	2105
20	30942079	0.0000	2111
20	30942113	0.0000	2145
20	30942121	50.0000	2153
20	30942474	0.0000	0
20	30942476	0.0000	2
20	30942480	0.0000	6
20	30942539	0.0000	65
20	30942582	0.0000	108
20	30942592	0.0000	118
20	30942617	0.0000	143
20	30942635	0.0000	161
20	30942637	0.0000	163
20	30942638	0.0000	164
20	30942641	0.0000	167
20	30942648	0.0000	174
20	30942720	0.0000	246
20	30942775	0.0000	301
20	30942782	0.0000	308
20	30942872	0.0000	398
20	30942876	0.0000	402
20	30942882	0.0000	408
20	30942888	0.0000	414
20	30942899	0.0000	425
20	30942962	0.0000	488
20	30942992	0.0000	518
20	30943020	0.0000	546
20	30943031	0.0000	557
20	30943035	0.0000	561
20	30943043	0.0000	569
20	30943061	0.0000	587
20	30943078	0.0000	604
20	30943143	0.0000	669
20	30943161	0.0008	687
20	30943170	30.0000	696
20	31585293	0.0012	0
20	31587996	0.0000	2703
20	31588695	0.0000	3402
20	31588991	0.0000	3698
20	31589269	0.0004	3976
20	31590119	0.0000	4826
20	31590304	0.0004	5011
20	31590824	0.0000	5531
20	31590828	0.0004	5535
20	31591224	0.0000	5931
20	31592124	0.0000	6831
20	31593622	0.0000	8329
20	31595466	0.0000	10173
20	31595735	0.0004	10442
20	31597063	0.0000	11770
20	31597835	0.0000	12542
20	31598228	0.0004	12935
20	31599480	0.0000	14187
20	31599650	0.0000	14357
20	31599878	0.0000	14585
20	31600157	0.0012	14864
20	31600964	0.0008	15671
20	31603120	0.0000	17827
20	31603141	0.0004	17848
20	31603281	0.0004	17988
20	31603684	0.0000	18391
20	31605104	0.0000	19811
20	31605145	0.0000	19852
20	31606445	0.0004	21152
20	31606911	0.0004	21618
20	31607096	0.0000	21803
20	31607363	0.0004	22070
20	31609860	0.0000	24567
20	31610047	0.0004	24754
20	31610240	0.0004	24947
20	31610404	0.0000	25111
20	31610670	0.0004	25377
20	31610757	0.0008	25464
20	31611176	0.0000	25883
20	31611656	0.0004	26363
20	31612962	0.0008	27669
20	31615158	0.0000	29865
20	31616353	0.0008	31060
20	31619513	43.0000	34220
20	32285000	0.0004	0
20	32285519	0.0000	519
20	32289514	0.0008	4514
20	32300565	0.0004	15565
20	32301526	0.0000	16526
20	32303438	0.0012	18438
20	32307959	0.0012	22959
20	32308881	0.0004	23881
20	32317768	0.0004	32768
20	32321362	0.0000	36362
20	32322107	0.0000	37107
20	32322148	0.0000	37148
20	32323312	0.0000	38312
20	32323462	0.0004	38462
20	32323583	0.0004	38583
20	32324404	0.0000	39404
20	32326149	0.0000	41149
20	32326903	0.0000	41903
20	32328149	0.0000	43149
20	32328355	0.0000	43355
20	32329704	0.0012	44704
20	32334595	21.0000	49595
20	32990032	0.0004	0
20	32990037	0.0012	5
20	32991659	0.0008	1627
20	32992051	0.0008	2019
20	32992328	0.0008	2296
20	32992801	0.0008	2769
20	32993353	0.0008	3321
20	32993395	0.0004	3363
20	32993884	0.0004	3852
20	32993954	0.0004	3922
20	32993963	0.0000	3931
20	32994805	0.0000	4773
20	32995336	0.0004	5304
20	32995578	0.0004	5546
20	32996776	0.0000	6744
20	32997435	0.0000	7403
20	32997609	0.0000	7577
20	32997739	0.0008	7707
20	32998061	0.0012	8029
20	32998446	0.0004	8414
20	32998496	20.0000	8464
20	34406451	0.0000	0
20	34406909	0.0008	458
20	34408067	0.0008	1616
20	34408883	0.0004	2432
20	34410139	0.0000	3688
20	34411142	0.0000	4691
20	34411539	0.0008	5088
20	34416196	0.0004	9745
20	34417828	0.0004	11377
20	34422841	0.0012	16390
20	34424254	0.0008	17803
20	34424723	0.0000	18272
20	34424725	0.0000	18274
20	34428552	0.0004	22101
20	34429268	0.0000	22817
20	34431493	0.0000	25042
20	34432335	0.0004	25884
20	34436005	0.0000	29554
20	34437366	0.0000	30915
20	34442600	0.0004	36149
20	34449531	0.0004	43080
20	34452168	0.0004	45717
20	34457057	0.0008	50606
20	34469523	0.0004	63072
20	34470823	0.0008	64372
20	34476025	0.0004	69574
20	34477478	0.0012	71027
20	34480099	0.0008	73648
20	34482354	28.0000	75903
20	35338465	0.0008	0
20	35346043	0.0000	7578
20	35346498	0.0008	8033
20	35354458	0.0000	15993
20	35354460	0.0000	15995
20	35359482	0.0004	21017
20	35361116	0.0004	22651
20	35361479	0.0012	23014
20	35363996	0.0008	25531
20	35364817	0.0004	26352
20	35372505	0.0000	34040
20	35372647	0.0004	34182
20	35374042	0.0004	35577
20	35378457	0.0008	39992
20	35379720	0.0000	41255
20	35383282	0.0012	44817
20	35384111	0.0008	45646
20	35385096	0.0012	46631
20	35385145	0.0012	46680
20	35385575	0.0000	47110
20	35386248	0.0000	47783
20	35386360	0.0004	47895
20	35387378	22.0000	48913
20	35890962	0.0004	0
20	35891032	0.0004	70
20	35891355	0.0008	393
20	35892635	0.0004	1673
20	35893221	0.0004	2259
20	35901087	0.0008	10125
20	35903188	0.0000	12226
20	35903608	0.0000	12646
20	35905052	0.0004	14090
20	35908240	0.0004	17278
20	35909738	0.0004	18776
20	35910629	0.0004	19667
20	35912074	0.0004	21112
20	35914185	0.0012	23223
20	35919968	0.0000	29006
20	35919999	0.0012	29037
20	35928363	0.0012	37401
20	35936572	0.0004	45610
20	35937724	0.0000	46762
20	35937916	0.0012	46954
20	35951544	0.0000	60582
20	35951674	21.0000	60712
20	38168598	0.0008	0
20	38169085	0.0000	487
20	38169096	0.0012	498
20	38169711	0.0000	1113
20	38169720	0.0004	1122
20	38169949	0.0004	1351
20	38169955	0.0008	1357
20	38169973	0.0004	1375
20	38169978	0.0012	1380
20	38170147	0.0000	1549
20	38170225	0.0000	1627
20	38170278	0.0000	1680
20	38170444	0.0000	1846
20	38170512	0.0000	1914
20	38170513	0.0004	1915
20	38170610	0.0004	2012
20	38170618	0.0004	2020
20	38170670	0.0004	2072
20	38171044	0.0008	2446
20	38171349	0.0004	2751
20	38171396	0.0000	2798
20	38171620	21.0000	3022
20	38736486	0.0008	0
20	38736546	0.0004	60
20	38736625	0.0008	139
20	38736687	0.0004	201
20	38736781	0.0000	295
20	38737453	0.0000	967
20	38737927	0.0000	1441
20	38737948	0.0000	1462
20	38738163	0.0000	1677
20	38738164	0.0000	1678
20	38738288	0.0000	1802
20	38738358	0.0004	1872
20	38738813	0.0004	2327
20	38739626	0.0000	3140
20	38740065	0.0000	3579
20	38740100	0.0000	3614
20	38740507	0.0000	4021
20	38741501	0.0000	5015
20	38741575	0.0000	5089
20	38742290	0.0000	5804
20	38742842	0.0000	6356
20	38743041	0.0004	6555
20	38743127	0.0008	6641
20	38743425	0.0004	6939
20	38743721	0.0000	7235
20	38744031	0.0000	7545
20	38744167	26.0000	7681
20	40335727	0.0008	0
20	40336752	0.0000	1025
20	40336810	0.0000	1083
20	40337067	0.0000	1340
20	40337683	0.0000	1956
20	40338079	0.0000	2352
20	40338489	0.0008	2762
20	40338546	0.0008	2819
20	40338791	0.0000	3064
20	40338951	0.0000	3224
20	40338974	0.0008	3247
20	40339482	0.0008	3755
20	40340020	0.0000	4293
20	40340247	0.0000	4520
20	40340530	0.0000	4803
20	40340783	0.0000	5056
20	40340814	0.0000	5087
20	40340877	0.0000	5150
20	40341016	0.0004	5289
20	40341068	0.0004	5341
20	40341200	0.0000	5473
20	40341511	0.0000	5784
20	40341555	0.0000	5828
20	40341743	0.0000	6016
20	40341813	0.0000	6086
20	40341968	0.0000	6241
20	40342303	0.0000	6576
20	40343346	0.0000	7619
20	40343670	0.0000	7943
20	40344256	0.0000	8529
20	40344308	0.0000	8581
20	40344359	0.0000	8632
20	40345109	0.0004	9382
20	40345258	0.0000	9531
20	40345925	0.0000	10198
20	40345982	0.0000	10255
20	40346232	0.0000	10505
20	40346351	0.0000	10624
20	40346633	0.0000	10906
20	40347423	0.0000	11696
20	40347583	0.0008	11856
20	40348453	0.0008	12726
20	40349566	42.0000	13839
20	45551387	0.0008	0
20	45551505	0.0004	118
20	45552174	0.0004	787
20	45552229	0.0004	842
20	45552435	0.0000	1048
20	45552522	0.0004	1135
20	45552588	0.0004	1201
20	45553030	0.0000	1643
20	45553084	0.0004	1697
20	45553341	0.0012	1954
20	45553442	0.0008	2055
20	45553827	0.0000	2440
20	45553974	0.0000	2587
20	45554202	0.0008	2815
20	45554292	0.0004	2905
20	45554296	0.0004	2909
20	45554401	0.0000	3014
20	45554724	0.0000	3337
20	45554984	0.0000	3597
20	45555359	0.0000	3972
20	45555461	0.0000	4074
20	45555646	0.0000	4259
20	45555736	0.0000	4349
20	45556202	0.0004	4815
20	45556371	0.0012	4984
20	45556447	0.0008	5060
20	45556559	0.0000	5172
20	45556620	0.0000	5233
20	45556906	0.0000	5519
20	45556917	0.0000	5530
20	45557154	0.0000	5767
20	45557170	0.0000	5783
20	45557439	0.0000	6052
20	45557508	0.0000	6121
20	45557648	0.0000	6261
20	45558323	0.0000	6936
20	45558346	0.0004	6959
20	45558493	0.0004	7106
20	45558633	0.0000	7246
20	45558696	0.0004	7309
20	45559284	0.0004	7897
20	45559399	0.0000	8012
20	45559508	0.0000	8121
20	45559685	0.0000	8298
20	45559963	0.0000	8576
20	45559966	0.0000	8579
20	45560231	0.0000	8844
20	45560302	0.0000	8915
20	45560376	0.0000	8989
20	45560638	0.0000	9251
20	45561054	0.0000	9667
20	45561161	0.0000	9774
20	45561483	0.0000	10096
20	45561485	0.0004	10098
20	45561564	0.0004	10177
20	45561660	0.0000	10273
20	45562066	0.0000	10679
20	45562357	0.0008	10970
20	45563129	0.0008	11742
20	45563270	0.0004	11883
20	45563447	0.0000	12060
20	45563647	0.0008	12260
20	45563878	0.0008	12491
20	45564546	0.0000	13159
20	45564584	0.0000	13197
20	45564771	0.0000	13384
20	45564827	0.0008	13440
20	45565304	0.0004	13917
20	45565454	0.0000	14067
20	45565486	0.0000	14099
20	45565545	0.0000	14158
20	45566110	0.0000	14723
20	45566230	0.0000	14843
20	45566254	0.0000	14867
20	45566392	0.0000	15005
20	45566578	0.0004	15191
20	45566612	0.0004	15225
20	45566712	0.0000	15325
20	45566830	0.0000	15443
20	45566853	0.0004	15466
20	45567440	0.0004	16053
20	45567501	81.0000	16114
20	45723668	0.0004	0
20	45723705	0.0000	37
20	45723981	0.0000	313
20	45724101	0.0000	433
20	45724371	0.0008	703
20	45725448	0.0000	1780
20	45725733	0.0000	2065
20	45725899	0.0000	2231
20	45725914	0.0004	2246
20	45726541	0.0000	2873
20	45726581	0.0000	2913
20	45727033	0.0000	3365
20	45727641	0.0000	3973
20	45727644	0.0000	3976
20	45727664	0.0000	3996
20	45727918	0.0000	4250
20	45727934	0.0000	4266
20	45728454	0.0000	4786
20	45728521	0.0000	4853
20	45729559	0.0004	5891
20	45729612	0.0004	5944
20	45729681	0.0000	6013
20	45729811	0.0000	6143
20	45729909	0.0000	6241
20	45730330	0.0000	6662
20	45730400	0.0004	6732
20	45730665	0.0004	6997
20	45731096	0.0000	7428
20	45731208	0.0008	7540
20	45731314	0.0008	7646
20	45731593	0.0008	7925
20	45732437	0.0008	8769
20	45732659	0.0000	8991
20	45732852	0.0000	9184
20	45734110	0.0000	10442
20	45734187	0.0000	10519
20	45734335	0.0000	10667
20	45734550	0.0000	10882
20	45734562	0.0000	10894
20	45734739	0.0000	11071
20	45734802	0.0000	11134
20	45735381	0.0000	11713
20	45735779	0.0000	12111
20	45735788	0.0000	12120
20	45735963	0.0000	12295
20	45735975	0.0000	12307
20	45735987	0.0000	12319
20	45736350	0.0000	12682
20	45736378	0.0000	12710
20	45736598	0.0000	12930
20	45736987	0.0004	13319
20	45737068	0.0004	13400
20	45737134	0.0000	13466
20	45737188	0.0000	13520
20	45737316	0.0008	13648
20	45737317	0.0008	13649
20	45737594	0.0000	13926
20	45737755	0.0000	14087
20	45737764	0.0000	14096
20	45737824	0.0000	14156
20	45737861	0.0000	14193
20	45738060	0.0000	14392
20	45738094	0.0000	14426
20	45738191	0.0004	14523
20	45738545	0.0004	14877
20	45739686	0.0000	16018
20	45739893	0.0000	16225
20	45740737	0.0000	17069
20	45742807	0.0004	19139
20	45743190	0.0012	19522
20	45743283	0.0000	19615
20	45743366	71.0000	19698
20	48646769	0.0000	0
20	48646971	0.0000	202
20	48648060	0.0000	1291
20	48648087	0.0000	1318
20	48648316	0.0000	1547
20	48648807	0.0008	2038
20	48649914	0.0008	3145
20	48650942	0.0000	4173
20	48651402	0.0000	4633
20	48651806	0.0000	5037
20	48652036	0.0004	5267
20	48654886	0.0000	8117
20	48655990	0.0008	9221
20	48658749	0.0012	11980
20	48659420	0.0004	12651
20	48662595	0.0000	15826
20	48667781	0.0008	21012
20	48670373	0.0012	23604
20	48671514	0.0008	24745
20	48671688	0.0012	24919
20	48671752	20.0000	24983
20	49023492	0.0000	0
20	49023542	0.0004	50
20	49023631	0.0004	139
20	49024802	0.0000	1310
20	49025939	0.0000	2447
20	49026042	0.0000	2550
20	49027017	0.0000	3525
20	49027495	0.0000	4003
20	49029452	0.0000	5960
20	49030084	0.0000	6592
20	49030880	0.0000	7388
20	49031125	0.0008	7633
20	49031339	0.0008	7847
20	49034955	0.0000	11463
20	49035717	0.0000	12225
20	49035801	0.0000	12309
20	49036824	0.0000	13332
20	49036869	0.0004	13377
20	49036961	0.0008	13469
20	49038027	0.0012	14535
20	49039231	0.0012	15739
20	49041527	0.0000	18035
20	49044933	0.0000	21441
20	49046831	0.0004	23339
20	49048130	0.0000	24638
20	49049288	0.0000	25796
20	49049490	0.0004	25998
20	49050700	0.0000	27208
20	49050805	0.0000	27313
20	49051500	0.0000	28008
20	49051846	0.0000	28354
20	49053443	0.0004	29951
20	49055001	0.0012	31509
20	49056465	0.0008	32973
20	49060414	0.0000	36922
20	49060625	0.0000	37133
20	49060648	0.0004	37156
20	49061664	0.0004	38172
20	49062763	0.0000	39271
20	49063426	0.0000	39934
20	49068956	0.0000	45464
20	49069278	0.0000	45786
20	49072083	0.0000	48591
20	49074674	0.0000	51182
20	49080716	0.0004	57224
20	49081402	45.0000	57910
20	49908290	0.0004	0
20	49908923	0.0000	633
20	49910570	0.0000	2280
20	49910886	0.0000	2596
20	49910927	0.0004	2637
20	49911700	0.0012	3410
20	49919812	0.0000	11522
20	49920081	0.0000	11791
20	49920717	0.0000	12427
20	49921273	0.0004	12983
20	49921602	0.0004	13312
20	49924646	0.0000	16356
20	49925008	0.0000	16718
20	49925126	0.0008	16836
20	49929173	0.0000	20883
20	49929294	0.0000	21004
20	49929336	0.0000	21046
20	49929737	0.0004	21447
20	49929891	0.0000	21601
20	49929893	0.0004	21603
20	49930315	0.0000	22025
20	49931054	0.0000	22764
20	49931067	0.0004	22777
20	49931130	0.0008	22840
20	49931154	0.0012	22864
20	49931211	0.0000	22921
20	49931743	0.0000	23453
20	49931781	0.0000	23491
20	49932229	0.0004	23939
20	49932480	0.0008	24190
20	49933086	0.0012	24796
20	49939711	0.0012	31421
20	49947972	0.0000	39682
20	49948079	0.0008	39789
20	49949725	0.0000	41435
20	49950083	0.0008	41793
20	49952741	0.0004	44451
20	49954561	0.0004	46271
20	49955125	0.0000	46835
20	49955265	39.0000	46975
20	50159928	0.0008	0
20	50160269	0.0000	341
20	50160270	0.0000	342
20	50160504	0.0000	576
20	50160864	0.0008	936
20	50160958	0.0000	1030
20	50161208	0.0008	1280
20	50161315	0.0004	1387
20	50161530	0.0012	1602
20	50161908	0.0008	1980
20	50162003	0.0000	2075
20	50162013	0.0004	2085
20	50162470	0.0000	2542
20	50162576	0.0000	2648
20	50162588	0.0000	2660
20	50162930	0.0000	3002
20	50162983	0.0000	3055
20	50163229	0.0000	3301
20	50163230	0.0012	3302
20	50163381	0.0004	3453
20	50163542	0.0008	3614
20	50163594	0.0000	3666
20	50163600	22.0000	3672
20	52393299	0.0000	0
20	52393736	0.0012	437
20	52394542	0.0012	1243
20	52395154	0.0000	1855
20	52395254	0.0004	1955
20	52395431	0.0004	2132
20	52395538	0.0000	2239
20	52395583	0.0000	2284
20	52395653	0.0000	2354
20	52395842	0.0004	2543
20	52396197	0.0000	2898
20	52396203	0.0012	2904
20	52396634	0.0008	3335
20	52397385	0.0000	4086
20	52397526	0.0000	4227
20	52397793	0.0000	4494
20	52398422	0.0000	5123
20	52398506	0.0000	5207
20	52398761	0.0008	5462
20	52398904	0.0008	5605
20	52399072	0.0000	5773
20	52399635	0.0000	6336
20	52399875	0.0000	6576
20	52400149	0.0004	6850
20	52400459	0.0004	7160
20	52400757	0.0004	7458
20	52401614	0.0000	8315
20	52402429	0.0000	9130
20	52402555	0.0000	9256
20	52403171	0.0000	9872
20	52403641	0.0004	10342
20	52404571	31.0000	11272
20	52476019	0.0008	0
20	52476457	0.0004	438
20	52476781	0.0004	762
20	52477137	0.0000	1118
20	52477612	0.0000	1593
20	52477770	0.0004	1751
20	52478024	0.0004	2005
20	52478415	0.0004	2396
20	52479027	0.0000	3008
20	52479131	0.0000	3112
20	52479687	0.0000	3668
20	52480184	0.0000	4165
20	52480323	0.0004	4304
20	52480513	0.0004	4494
20	52480792	0.0000	4773
20	52481026	0.0004	5007
20	52481971	0.0000	5952
20	52482024	0.0004	6005
20	52482094	0.0012	6075
20	52482412	0.0008	6393
20	52483048	0.0004	7029
20	52483883	0.0000	7864
20	52484783	0.0008	8764
20	52486253	23.0000	10234
20	52539608	0.0004	0
20	52539668	0.0008	60
20	52540438	0.0012	830
20	52541251	0.0000	1643
20	52541297	0.0000	1689
20	52541309	0.0004	1701
20	52541439	0.0008	1831
20	52541481	0.0004	1873
20	52541545	0.0000	1937
20	52541547	0.0000	1939
20	52541583	0.0000	1975
20	52541647	0.0004	2039
20	52541802	0.0004	2194
20	52542299	0.0008	2691
20	52542601	0.0004	2993
20	52542873	0.0004	3265
20	52543178	0.0000	3570
20	52543488	0.0000	3880
20	52543507	0.0000	3899
20	52543859	0.0000	4251
20	52544030	0.0000	4422
20	52544171	0.0000	4563
20	52544195	0.0000	4587
20	52544661	0.0000	5053
20	52544679	0.0000	5071
20	52544748	0.0008	5140
20	52544869	0.0008	5261
20	52545084	0.0004	5476
20	52545088	0.0004	5480
20	52545266	0.0004	5658
20	52545420	0.0000	5812
20	52545465	0.0004	5857
20	52545768	0.0004	6160
20	52545813	0.0004	6205
20	52545831	0.0004	6223
20	52545852	0.0000	6244
20	52546236	0.0000	6628
20	52546647	0.0000	7039
20	52546818	0.0008	7210
20	52546849	0.0008	7241
20	52546891	0.0000	7283
20	52546965	0.0004	7357
20	52547061	0.0004	7453
20	52547175	0.0000	7567
20	52547412	0.0000	7804
20	52547482	0.0008	7874
20	52547946	0.0008	8338
20	52548625	0.0000	9017
20	52548777	0.0000	9169
20	52548798	0.0000	9190
20	52548844	0.0008	9236
20	52548951	0.0008	9343
20	52549103	0.0000	9495
20	52549573	0.0000	9965
20	52549773	0.0004	10165
20	52549822	0.0004	10214
20	52549993	0.0000	10385
20	52550107	0.0004	10499
20	52551155	0.0004	11547
20	52551879	0.0000	12271
20	52552543	0.0000	12935
20	52552904	0.0000	13296
20	52553104	0.0004	13496
20	52553695	0.0012	14087
20	52554487	0.0004	14879
20	52554685	0.0000	15077
20	52555318	0.0000	15710
20	52555897	0.0000	16289
20	52556097	0.0000	16489
20	52556199	0.0000	16591
20	52556423	0.0012	16815
20	52556569	0.0012	16961
20	52556840	0.0004	17232
20	52557029	0.0000	17421
20	52557031	0.0004	17423
20	52557431	0.0004	17823
20	52557833	0.0004	18225
20	52557883	0.0000	18275
20	52558274	0.0004	18666
20	52558364	0.0008	18756
20	52558944	0.0004	19336
20	52559205	0.0004	19597
20	52559884	0.0004	20276
20	52560499	0.0004	20891
20	52560557	0.0004	20949
20	52560676	0.0000	21068
20	52560750	0.0008	21142
20	52560829	0.0012	21221
20	52561088	0.0004	21480
20	52561447	0.0000	21839
20	52561494	0.0000	21886
20	52561538	0.0000	21930
20	52562033	0.0000	22425
20	52562157	0.0000	22549
20	52562550	0.0000	22942
20	52562683	0.0004	23075
20	52563420	0.0004	23812
20	52563571	0.0004	23963
20	52563834	0.0000	24226
20	52563886	0.0000	24278
20	52563901	0.0000	24293
20	52564042	0.0012	24434
20	52564290	102.0000	24682
20	53479425	0.0008	0
20	53479515	0.0000	90
20	53479547	0.0000	122
20	53479571	0.0000	146
20	53479714	0.0000	289
20	53479729	0.0000	304
20	53479829	0.0012	404
20	53479854	0.0012	429
20	53479965	0.0004	540
20	53480314	0.0012	889
20	53481258	0.0008	1833
20	53481522	0.0000	2097
20	53481570	0.0000	2145
20	53481974	0.0000	2549
20	53482021	0.0000	2596
20	53482062	0.0000	2637
20	53482209	0.0008	2784
20	53482375	0.0000	2950
20	53482510	0.0000	3085
20	53482546	0.0000	3121
20	53482600	0.0000	3175
20	53482846	0.0004	3421
20	53482880	0.0012	3455
20	53483415	0.0004	3990
20	53483574	0.0000	4149
20	53483862	0.0000	4437
20	53484636	0.0008	5211
20	53486073	27.0000	6648
20	54060886	0.0000	0
20	54061003	0.0004	117
20	54061069	0.0004	183
20	54061557	0.0000	671
20	54061593	0.0000	707
20	54061607	0.0000	721
20	54061784	0.0000	898
20	54061805	0.0000	919
20	54062029	0.0000	1143
20	54062448	0.0000	1562
20	54062522	0.0000	1636
20	54062598	0.0000	1712
20	54062616	0.0000	1730
20	54062791	0.0000	1905
20	54063222	0.0000	2336
20	54063481	0.0004	2595
20	54063979	0.0000	3093
20	54064205	0.0000	3319
20	54064414	0.0000	3528
20	54064663	0.0000	3777
20	54064684	0.0008	3798
20	54064717	21.0000	3831
20	54135461	0.0000	0
20	54135514	0.0000	53
20	54135684	0.0000	223
20	54135950	0.0000	489
20	54135989	0.0000	528
20	54135995	0.0000	534
20	54136092	0.0000	631
20	54136124	0.0000	663
20	54136663	0.0000	1202
20	54136952	0.0004	1491
20	54136986	0.0004	1525
20	54137059	0.0000	1598
20	54137071	0.0000	1610
20	54137457	0.0000	1996
20	54137515	0.0000	2054
20	54138024	0.0004	2563
20	54140321	0.0012	4860
20	54140580	0.0008	5119
20	54141281	0.0000	5820
20	54141303	0.0008	5842
20	54142467	0.0008	7006
20	54143852	0.0000	8391
20	54143917	0.0000	8456
20	54143982	0.0000	8521
20	54144238	0.0000	8777
20	54144427	0.0004	8966
20	54144631	26.0000	9170
20	54957946	0.0000	0
20	54958056	0.0004	110
20	54958706	0.0000	760
20	54958761	0.0000	815
20	54958771	0.0000	825
20	54958804	0.0008	858
20	54959015	0.0008	1069
20	54959303	0.0000	1357
20	54959338	0.0004	1392
20	54959530	0.0004	1584
20	54959565	0.0000	1619
20	54960146	0.0000	2200
20	54960306	0.0000	2360
20	54960447	0.0000	2501
20	54961081	0.0000	3135
20	54961391	0.0000	3445
20	54961550	0.0012	3604
20	54962500	0.0012	4554
20	54962884	0.0000	4938
20	54963024	0.0004	5078
20	54963061	0.0004	5115
20	54963082	0.0008	5136
20	54963684	0.0008	5738
20	54963926	0.0000	5980
20	54964168	0.0000	6222
20	54964578	0.0000	6632
20	54964900	26.0000	6954
20	55550495	0.0008	0
20	55550557	0.0004	62
20	55550711	0.0000	216
20	55550765	0.0004	270
20	55550901	0.0000	406
20	55550945	0.0000	450
20	55551096	0.0004	601
20	55551274	0.0004	779
20	55551451	0.0004	956
20	55551900	0.0004	1405
20	55552049	0.0008	1554
20	55552084	0.0008	1589
20	55552085	0.0004	1590
20	55552179	0.0000	1684
20	55552648	0.0004	2153
20	55552813	0.0012	2318
20	55553224	0.0004	2729
20	55553345	0.0000	2850
20	55553446	0.0000	2951
20	55553555	0.0004	3060
20	55553672	0.0000	3177
20	55554034	0.0004	3539
20	55554222	0.0004	3727
20	55554332	0.0004	3837
20	55554678	24.0000	4183
20	55705007	0.0004	0
20	55705013	0.0008	6
20	55705394	0.0000	387
20	55706915	0.0000	1908
20	55707735	0.0004	2728
20	55707772	0.0004	2765
20	55708800	0.0008	3793
20	55708977	0.0008	3970
20	55709148	0.0000	4141
20	55709499	0.0008	4492
20	55709723	0.0000	4716
20	55709859	0.0004	4852
20	55710726	0.0012	5719
20	55711047	0.0008	6040
20	55711132	0.0012	6125
20	55712697	0.0004	7690
20	55713133	0.0000	8126
20	55713311	0.0000	8304
20	55713940	0.0004	8933
20	55714881	0.0004	9874
20	55715650	0.0004	10643
20	55715737	0.0012	10730
20	55715889	0.0004	10882
20	55716405	0.0004	11398
20	55716642	0.0000	11635
20	55716683	0.0000	11676
20	55716684	0.0004	11677
20	55716743	0.0004	11736
20	55716869	0.0000	11862
20	55716870	0.0000	11863
20	55716923	0.0000	11916
20	55716934	0.0000	11927
20	55717029	0.0000	12022
20	55717345	0.0008	12338
20	55717894	0.0008	12887
20	55717897	35.0000	12890
20	55813942	0.0000	0
20	55814029	0.0000	87
20	55814033	0.0004	91
20	55814123	0.0004	181
20	55814260	0.0000	318
20	55814736	0.0000	794
20	55815023	0.0000	1081
20	55815025	0.0000	1083
20	55815445	0.0000	1503
20	55815488	0.0000	1546
20	55815745	0.0000	1803
20	55815839	0.0000	1897
20	55815949	0.0000	2007
20	55815977	0.0000	2035
20	55816265	0.0000	2323
20	55816355	0.0000	2413
20	55816478	0.0000	2536
20	55816898	0.0008	2956
20	55817143	0.0008	3201
20	55817170	0.0008	3228
20	55817360	0.0008	3418
20	55817512	0.0000	3570
20	55817587	0.0000	3645
20	55817773	0.0004	3831
20	55818076	0.0004	4134
20	55818148	25.0000	4206
20	56231403	0.0012	0
20	56231713	0.0004	310
20	56231874	0.0008	471
20	56232125	0.0004	722
20	56232239	0.0012	836
20	56232696	0.0004	1293
20	56233074	0.0000	1671
20	56233620	0.0000	2217
20	56233885	0.0000	2482
20	56234069	0.0004	2666
20	56234119	0.0004	2716
20	56234214	0.0000	2811
20	56234276	0.0008	2873
20	56234406	0.0008	3003
20	56234569	0.0000	3166
20	56234824	0.0000	3421
20	56234924	0.0000	3521
20	56235007	0.0000	3604
20	56235268	0.0004	3865
20	56235478	0.0008	4075
20	56235536	0.0004	4133
20	56235552	21.0000	4149
20	60687691	0.0000	0
20	60687900	0.0000	209
20	60688039	0.0000	348
20	60688066	0.0000	375
20	60688094	0.0000	403
20	60688109	0.0000	418
20	60688583	0.0004	892
20	60688904	0.0008	1213
20	60690162	0.0000	2471
20	60690164	0.0004	2473
20	60690420	0.0000	2729
20	60690439	0.0000	2748
20	60690750	0.0000	3059
20	60691145	0.0000	3454
20	60691368	0.0004	3677
20	60691460	0.0000	3769
20	60691991	0.0004	4300
20	60692036	0.0004	4345
20	60692406	0.0000	4715
20	60692532	0.0008	4841
20	60693297	20.0000	5606
20	60700473	0.0004	0
20	60700706	0.0008	233
20	60701185	0.0004	712
20	60701390	0.0008	917
20	60701878	0.0000	1405
20	60701915	0.0004	1442
20	60702267	0.0000	1794
20	60702270	0.0004	1797
20	60702535	0.0012	2062
20	60703160	0.0008	2687
20	60703394	0.0000	2921
20	60703875	0.0004	3402
20	60705685	0.0000	5212
20	60706030	0.0000	5557
20	60706900	0.0000	6427
20	60707293	0.0004	6820
20	60708001	0.0004	7528
20	60708365	0.0000	7892
20	60709106	0.0008	8633
20	60709283	0.0008	8810
20	60709761	0.0000	9288
20	60711888	0.0008	11415
20	60713100	0.0004	12627
20	60713523	23.0000	13050
20	61345073	0.0000	0
20	61345201	0.0004	128
20	61345334	0.0000	261
20	61345339	0.0000	266
20	61345391	0.0000	318
20	61345547	0.0000	474
20	61345671	0.0000	598
20	61345815	0.0000	742
20	61345825	0.0000	752
20	61345954	0.0000	881
20	61346077	0.0000	1004
20	61346155	0.0000	1082
20	61346324	0.0000	1251
20	61346328	0.0000	1255
20	61346351	0.0004	1278
20	61346605	0.0004	1532
20	61346676	0.0000	1603
20	61346911	0.0000	1838
20	61347037	0.0000	1964
20	61347101	0.0000	2028
20	61347158	0.0000	2085
20	61347734	0.0000	2661
20	61347885	0.0000	2812
20	61348264	0.0000	3191
20	61348270	0.0000	3197
20	61348455	0.0000	3382
20	61349011	0.0000	3938
20	61349070	0.0000	3997
20	61349179	0.0000	4106
20	61349181	0.0000	4108
20	61349182	0.0000	4109
20	61349288	31.0000	4215
20	61381862	0.0004	0
20	61381925	0.0000	63
20	61381936	0.0000	74
20	61381937	0.0004	75
20	61382011	0.0000	149
20	61382054	0.0000	192
20	61382133	0.0004	271
20	61382302	0.0004	440
20	61382588	0.0000	726
20	61382644	0.0000	782
20	61382656	0.0000	794
20	61382688	0.0000	826
20	61382853	0.0000	991
20	61384118	0.0000	2256
20	61384137	0.0000	2275
20	61384317	0.0000	2455
20	61384380	0.0000	2518
20	61384446	0.0000	2584
20	61384520	0.0012	2658
20	61384577	0.0012	2715
20	61384644	0.0000	2782
20	61384844	0.0000	2982
20	61385297	0.0008	3435
20	61385430	0.0000	3568
20	61385455	0.0008	3593
20	61385583	0.0004	3721
20	61385595	0.0004	3733
20	61385791	0.0004	3929
20	61386353	0.0008	4491
20	61386526	0.0004	4664
20	61386534	0.0000	4672
20	61386617	0.0000	4755
20	61386659	0.0000	4797
20	61386692	0.0000	4830
20	61386957	0.0000	5095
20	61387026	0.0004	5164
20	61387169	0.0012	5307
20	61387710	37.0000	5848
20	63503160	0.0004	0
20	63503738	0.0000	578
20	63503741	0.0004	581
20	63503938	0.0012	778
20	63504197	0.0000	1037
20	63504201	0.0012	1041
20	63504309	0.0000	1149
20	63504487	0.0000	1327
20	63504521	0.0000	1361
20	63504530	0.0004	1370
20	63504849	0.0000	1689
20	63504926	0.0000	1766
20	63504955	0.0000	1795
20	63505066	0.0000	1906
20	63505293	0.0004	2133
20	63505415	0.0008	2255
20	63505809	0.0008	2649
20	63505951	0.0004	2791
20	63506125	0.0000	2965
20	63506172	0.0000	3012
20	63506295	20.0000	3135
20	63531827	0.0008	0
20	63531914	0.0000	87
20	63531970	0.0000	143
20	63531980	0.0000	153
20	63532095	0.0000	268
20	63532149	0.0008	322
20	63532440	0.0008	613
20	63532910	0.0000	1083
20	63532951	0.0000	1124
20	63533062	0.0000	1235
20	63533154	0.0000	1327
20	63533170	0.0000	1343
20	63533215	0.0000	1388
20	63533258	0.0000	1431
20	63533317	0.0000	1490
20	63533321	0.0000	1494
20	63533342	0.0000	1515
20	63533360	0.0000	1533
20	63533434	0.0000	1607
20	63533437	0.0000	1610
20	63533442	0.0000	1615
20	63533782	0.0000	1955
20	63533849	0.0012	2022
20	63534468	0.0004	2641
20	63535362	0.0012	3535
20	63536388	0.0000	4561
20	63536881	26.0000	5054
20	63800157	0.0004	0
20	63800194	0.0004	37
20	63800432	0.0000	275
20	63800620	0.0000	463
20	63800670	0.0000	513
20	63800677	0.0000	520
20	63800801	0.0000	644
20	63800826	0.0000	669
20	63801180	0.0000	1023
20	63802106	0.0004	1949
20	63803654	0.0000	3497
20	63804274	0.0012	4117
20	63804952	0.0004	4795
20	63804967	0.0012	4810
20	63805045	0.0004	4888
20	63805669	0.0000	5512
20	63805787	0.0004	5630
20	63806018	0.0008	5861
20	63806321	0.0008	6164
20	63806635	0.0000	6478
20	63806794	0.0000	6637
20	63806823	0.0000	6666
20	63807518	22.0000	7361
20	63809328	0.0000	0
20	63809347	0.0000	19
20	63809384	0.0008	56
20	63809655	0.0000	327
20	63809727	0.0004	399
20	63809863	0.0000	535
20	63810103	0.0000	775
20	63810271	0.0000	943
20	63810414	0.0000	1086
20	63810703	0.0004	1375
20	63812410	0.0004	3082
20	63812470	0.0000	3142
20	63814335	0.0000	5007
20	63814828	0.0004	5500
20	63815001	0.0004	5673
20	63816249	0.0000	6921
20	63816625	0.0000	7297
20	63816773	0.0000	7445
20	63816843	0.0000	7515
20	63816848	0.0000	7520
20	63817437	0.0000	8109
20	63817655	0.0000	8327
20	63818263	22.0000	8935
