21	5216564	0.0000	0
21	5216710	0.0000	146
21	5216724	0.0000	160
21	5216729	0.0000	165
21	5216928	0.0000	364
21	5216956	0.0008	392
21	5217169	0.0008	605
21	5217257	0.0000	693
21	5217369	0.0000	805
21	5217607	0.0000	1043
21	5217815	0.0000	1251
21	5218123	0.0000	1559
21	5218301	0.0000	1737
21	5218320	0.0000	1756
21	5218321	0.0000	1757
21	5218334	0.0000	1770
21	5218356	0.0000	1792
21	5218463	0.0000	1899
21	5218543	0.0000	1979
21	5218592	0.0000	2028
21	5218600	0.0000	2036
21	5218681	0.0004	2117
21	5218690	0.0004	2126
21	5218780	0.0012	2216
21	5219061	0.0012	2497
21	5219218	0.0000	2654
21	5219231	0.0000	2667
21	5219308	0.0000	2744
21	5219317	28.0000	2753
21	5221743	0.0000	0
21	5221745	0.0000	2
21	5221887	0.0000	144
21	5222119	0.0012	376
21	5222326	0.0012	583
21	5222593	0.0000	850
21	5222818	0.0000	1075
21	5222825	0.0000	1082
21	5222884	0.0000	1141
21	5223093	0.0000	1350
21	5223648	0.0012	1905
21	5223704	0.0012	1961
21	5224083	0.0000	2340
21	5224221	0.0004	2478
21	5224285	0.0004	2542
21	5224362	0.0000	2619
21	5224367	0.0000	2624
21	5224482	0.0000	2739
21	5224542	0.0000	2799
21	5224647	0.0000	2904
21	5224747	0.0000	3004
21	5224770	0.0008	3027
21	5224961	22.0000	3218
21	5227895	0.0000	0
21	5227957	0.0000	62
21	5228022	0.0000	127
21	5228047	0.0000	152
21	5228056	0.0000	161
21	5228119	0.0000	224
21	5228154	0.0000	259
21	5228174	0.0000	279
21	5228179	0.0000	284
21	5228207	0.0000	312
21	5228240	0.0000	345
21	5228392	0.0000	497
21	5228468	0.0000	573
21	5228549	0.0000	654
21	5228565	0.0008	670
21	5228615	0.0008	720
21	5228893	0.0000	998
21	5228910	0.0000	1015
21	5228970	0.0000	1075
21	5229009	0.0000	1114
21	5229013	0.0004	1118
21	5229165	0.0012	1270
21	5229266	22.0000	1371
21	5233501	0.0000	0
21	5233505	0.0000	4
21	5233587	0.0000	86
21	5233591	0.0000	90
21	5233692	0.0000	191
21	5233709	0.0000	208
21	5233840	0.0000	339
21	5234069	0.0012	568
21	5234229	0.0012	728
21	5234340	0.0008	839
21	5234480	0.0008	979
21	5234521	0.0004	1020
21	5234608	0.0008	1107
21	5234618	0.0004	1117
21	5234653	0.0000	1152
21	5234663	0.0000	1162
21	5234664	0.0000	1163
21	5234678	0.0000	1177
21	5234698	0.0000	1197
21	5234765	0.0000	1264
21	5234904	0.0000	1403
21	5235112	0.0000	1611
21	5235339	0.0000	1838
21	5235351	0.0000	1850
21	5235401	0.0000	1900
21	5235622	0.0000	2121
21	5235654	0.0000	2153
21	5235841	0.0000	2340
21	5235843	0.0000	2342
21	5236057	0.0000	2556
21	5236058	0.0000	2557
21	5236179	0.0000	2678
21	5236211	0.0000	2710
21	5236402	0.0000	2901
21	5236482	0.0000	2981
21	5236612	0.0000	3111
21	5236654	0.0004	3153
21	5236753	0.0004	3252
21	5236922	0.0000	3421
21	5236986	0.0000	3485
21	5237055	0.0000	3554
21	5237076	0.0000	3575
21	5237341	0.0000	3840
21	5237342	0.0000	3841
21	5237356	0.0000	3855
21	5237473	0.0000	3972
21	5237675	0.0000	4174
21	5237833	0.0000	4332
21	5237844	0.0000	4343
21	5237918	0.0000	4417
21	5238025	0.0000	4524
21	5238036	0.0000	4535
21	5238066	0.0000	4565
21	5238091	0.0000	4590
21	5238226	0.0000	4725
21	5238262	0.0000	4761
21	5238379	0.0000	4878
21	5238412	0.0000	4911
21	5238472	0.0000	4971
21	5238611	0.0000	5110
21	5238737	0.0000	5236
21	5238741	0.0000	5240
21	5238744	62.0000	5243
21	10325995	0.0000	0
21	10326003	0.0000	8
21	10326013	0.0008	18
21	10326041	0.0000	46
21	10326054	0.0000	59
21	10326057	0.0000	62
21	10326072	0.0000	77
21	10326074	0.0000	79
21	10326082	0.0000	87
21	10326087	0.0000	92
21	10326088	0.0000	93
21	10326099	0.0008	104
21	10326102	0.0008	107
21	10326110	0.0000	115
21	10326121	0.0000	126
21	10326136	0.0000	141
21	10326139	0.0000	144
21	10326155	0.0004	160
21	10326165	0.0000	170
21	10326179	0.0000	184
21	10326180	0.0000	185
21	10326186	0.0000	191
21	10326189	0.0011	194
21	10326295	23.0000	300
21	10361364	0.0000	0
21	10361439	0.0000	75
21	10361523	0.0000	159
21	10361818	0.0000	454
21	10361854	0.0000	490
21	10362124	0.0000	760
21	10362244	0.0000	880
21	10362277	0.0004	913
21	10362541	0.0004	1177
21	10362772	0.0000	1408
21	10362849	0.0004	1485
21	10363017	0.0004	1653
21	10363068	0.0008	1704
21	10363205	0.0012	1841
21	10363231	0.0012	1867
21	10363529	0.0000	2165
21	10363701	0.0000	2337
21	10363732	0.0000	2368
21	10363956	0.0000	2592
21	10364014	0.0000	2650
21	10364078	0.0012	2714
21	10364235	21.0000	2871
21	10379321	0.0000	0
21	10379344	0.0004	23
21	10379376	0.0004	55
21	10379429	0.0008	108
21	10379609	0.0004	288
21	10379685	0.0000	364
21	10379708	0.0008	387
21	10379797	0.0004	476
21	10379847	0.0000	526
21	10379857	0.0000	536
21	10379884	0.0000	563
21	10379885	0.0000	564
21	10379903	0.0000	582
21	10379906	0.0004	585
21	10379948	0.0012	627
21	10380081	0.0008	760
21	10380232	0.0000	911
21	10380251	0.0000	930
21	10380266	0.0000	945
21	10380297	0.0004	976
21	10380352	0.0012	1031
21	10380406	0.0000	1085
21	10380444	0.0000	1123
21	10380454	0.0000	1133
21	10380584	24.0000	1263
21	10385745	0.0000	0
21	10385796	0.0000	51
21	10385819	0.0000	74
21	10385833	0.0004	88
21	10385905	0.0004	160
21	10385983	0.0000	238
21	10386008	0.0008	263
21	10386068	0.0008	323
21	10386161	0.0000	416
21	10386168	0.0000	423
21	10386189	0.0000	444
21	10386191	0.0000	446
21	10386244	0.0000	499
21	10386271	0.0004	526
21	10386456	0.0004	711
21	10386472	0.0004	727
21	10386698	0.0004	953
21	10387030	0.0000	1285
21	10387166	0.0000	1421
21	10387191	0.0000	1446
21	10387192	0.0000	1447
21	10387231	0.0004	1486
21	10387314	0.0004	1569
21	10387638	0.0000	1893
21	10387965	0.0000	2220
21	10387968	0.0000	2223
21	10388137	0.0000	2392
21	10388145	0.0000	2400
21	10388258	0.0008	2513
21	10388550	0.0004	2805
21	10388575	0.0004	2830
21	10388721	0.0004	2976
21	10388740	0.0004	2995
21	10388832	0.0000	3087
21	10388896	0.0008	3151
21	10388913	0.0012	3168
21	10388918	0.0004	3173
21	10389048	0.0004	3303
21	10389055	0.0004	3310
21	10389301	39.0000	3556
21	10390934	0.0000	0
21	10390979	0.0000	45
21	10391022	0.0000	88
21	10391028	0.0000	94
21	10391231	0.0000	297
21	10391325	0.0000	391
21	10391329	0.0004	395
21	10391520	0.0004	586
21	10391618	0.0000	684
21	10391770	0.0000	836
21	10391843	0.0012	909
21	10391938	0.0012	1004
21	10391965	0.0000	1031
21	10391972	0.0008	1038
21	10392037	0.0008	1103
21	10392138	0.0000	1204
21	10392275	0.0000	1341
21	10392571	0.0000	1637
21	10392645	0.0000	1711
21	10393190	0.0000	2256
21	10393384	0.0012	2450
21	10393500	0.0012	2566
21	10393541	0.0000	2607
21	10393572	0.0000	2638
21	10393588	0.0000	2654
21	10393593	0.0000	2659
21	10393726	0.0000	2792
21	10393816	0.0012	2882
21	10393818	0.0012	2884
21	10394071	0.0008	3137
21	10394178	0.0008	3244
21	10394188	0.0000	3254
21	10394207	0.0000	3273
21	10394269	0.0004	3335
21	10395004	0.0004	4070
21	10395374	35.0000	4440
21	10396852	0.0000	0
21	10396861	0.0000	9
21	10396948	0.0000	96
21	10396957	0.0000	105
21	10396977	0.0000	125
21	10397047	0.0000	195
21	10397060	0.0000	208
21	10397085	0.0000	233
21	10397105	0.0000	253
21	10397124	0.0000	272
21	10397143	0.0000	291
21	10397369	0.0004	517
21	10397445	0.0004	593
21	10397484	0.0000	632
21	10397502	0.0000	650
21	10397507	0.0000	655
21	10397696	0.0000	844
21	10397713	0.0000	861
21	10397729	0.0000	877
21	10397754	0.0000	902
21	10397761	0.0004	909
21	10397774	21.0000	922
21	10400026	0.0000	0
21	10400117	0.0000	91
21	10400155	0.0000	129
21	10400268	0.0000	242
21	10400376	0.0012	350
21	10400735	0.0004	709
21	10400736	0.0000	710
21	10400760	0.0008	734
21	10400798	0.0000	772
21	10400814	0.0000	788
21	10400842	0.0000	816
21	10400846	0.0000	820
21	10400859	0.0000	833
21	10400881	0.0008	855
21	10400940	0.0008	914
21	10401018	0.0000	992
21	10401030	0.0000	1004
21	10401128	0.0000	1102
21	10401189	0.0008	1163
21	10401359	0.0000	1333
21	10401405	0.0000	1379
21	10401534	0.0008	1508
21	10401949	0.0000	1923
21	10402074	0.0000	2048
21	10402098	0.0000	2072
21	10402107	0.0004	2081
21	10402155	0.0004	2129
21	10402264	0.0000	2238
21	10402305	0.0004	2279
21	10402340	0.0004	2314
21	10402492	0.0000	2466
21	10402594	0.0000	2568
21	10402656	0.0000	2630
21	10402745	33.0000	2719
21	10751181	0.0013	0
21	10751244	0.0000	63
21	10751261	0.0008	80
21	10751267	0.0008	86
21	10751329	0.0000	148
21	10751340	0.0000	159
21	10751351	0.0000	170
21	10751352	0.0000	171
21	10751363	0.0000	182
21	10751382	0.0000	201
21	10751401	0.0000	220
21	10751403	0.0000	222
21	10751404	0.0000	223
21	10751429	0.0000	248
21	10751433	0.0000	252
21	10751436	0.0000	255
21	10751450	0.0000	269
21	10751520	0.0000	339
21	10751553	0.0000	372
21	10751598	0.0000	417
21	10751605	0.0000	424
21	10751684	0.0000	503
21	10751725	0.0004	544
21	10751820	0.0000	639
21	10751860	0.0000	679
21	10751878	0.0000	697
21	10751892	0.0000	711
21	10751912	0.0004	731
21	10751932	0.0000	751
21	10751934	0.0004	753
21	10752006	0.0000	825
21	10752013	0.0000	832
21	10752027	0.0000	846
21	10752042	0.0009	861
21	10752117	0.0004	936
21	10752198	0.0000	1017
21	10752200	0.0000	1019
21	10752568	0.0004	1387
21	10752605	0.0000	1424
21	10752607	0.0000	1426
21	10752623	0.0000	1442
21	10752626	0.0000	1445
21	10752629	0.0000	1448
21	10752655	0.0000	1474
21	10752704	0.0000	1523
21	10752714	0.0000	1533
21	10752733	0.0000	1552
21	10752813	0.0000	1632
21	10752835	0.0000	1654
21	10752838	0.0000	1657
21	10752902	0.0000	1721
21	10752921	0.0000	1740
21	10752931	0.0000	1750
21	10753038	0.0000	1857
21	10753044	0.0004	1863
21	10753163	0.0008	1982
21	10753210	0.0008	2029
21	10753219	0.0000	2038
21	10753224	0.0000	2043
21	10753283	0.0000	2102
21	10753308	0.0000	2127
21	10753317	0.0000	2136
21	10753324	0.0000	2143
21	10753431	0.0004	2250
21	10753455	0.0008	2274
21	10753457	0.0000	2276
21	10753462	0.0008	2281
21	10753469	0.0000	2288
21	10753485	0.0000	2304
21	10753520	0.0000	2339
21	10753546	0.0010	2365
21	10753607	0.0000	2426
21	10753625	0.0000	2444
21	10753656	0.0000	2475
21	10753703	0.0000	2522
21	10753731	0.0000	2550
21	10753820	0.0000	2639
21	10753833	0.0004	2652
21	10753839	0.0004	2658
21	10753905	0.0000	2724
21	10753925	0.0004	2744
21	10753944	0.0000	2763
21	10754013	0.0000	2832
21	10754059	0.0004	2878
21	10754072	0.0000	2891
21	10754165	0.0000	2984
21	10754172	0.0000	2991
21	10754237	0.0000	3056
21	10754344	0.0000	3163
21	10754402	0.0000	3221
21	10754409	0.0000	3228
21	10754427	0.0004	3246
21	10754509	0.0004	3328
21	10754547	0.0000	3366
21	10754559	0.0000	3378
21	10754998	0.0000	3817
21	10755004	0.0000	3823
21	10755027	0.0000	3846
21	10755107	0.0000	3926
21	10755425	99.0000	4244
21	10796703	0.0000	0
21	10796714	0.0004	11
21	10796970	0.0000	267
21	10797011	0.0000	308
21	10797024	0.0000	321
21	10797098	0.0000	395
21	10797123	0.0008	420
21	10797225	0.0004	522
21	10797245	0.0004	542
21	10797270	0.0008	567
21	10797440	0.0008	737
21	10797498	0.0012	795
21	10797646	0.0004	943
21	10797786	0.0000	1083
21	10797797	0.0000	1094
21	10797838	0.0000	1135
21	10797954	0.0000	1251
21	10798064	0.0000	1361
21	10798128	0.0000	1425
21	10798179	0.0000	1476
21	10798323	0.0000	1620
21	10798411	0.0000	1708
21	10798414	0.0004	1711
21	10798502	0.0000	1799
21	10798520	0.0000	1817
21	10798539	0.0000	1836
21	10798549	0.0000	1846
21	10798557	0.0000	1854
21	10798563	0.0000	1860
21	10798655	0.0004	1952
21	10798737	0.0004	2034
21	10798801	0.0000	2098
21	10798812	0.0000	2109
21	10798928	0.0000	2225
21	10798993	0.0004	2290
21	10799016	0.0004	2313
21	10799136	0.0004	2433
21	10799209	0.0004	2506
21	10799272	0.0000	2569
21	10799286	0.0000	2583
21	10799301	0.0004	2598
21	10799423	0.0004	2720
21	10799499	0.0000	2796
21	10799519	0.0000	2816
21	10799579	0.0000	2876
21	10799604	0.0000	2901
21	10799638	46.0000	2935
21	10802355	0.0000	0
21	10802369	0.0000	14
21	10802446	0.0004	91
21	10802533	0.0004	178
21	10802573	0.0000	218
21	10802576	0.0000	221
21	10802746	0.0000	391
21	10802833	0.0000	478
21	10802840	0.0000	485
21	10802855	0.0000	500
21	10802864	0.0000	509
21	10802894	0.0000	539
21	10802914	0.0004	559
21	10802928	0.0004	573
21	10802975	0.0000	620
21	10802988	0.0004	633
21	10803008	0.0004	653
21	10803143	0.0000	788
21	10803168	0.0000	813
21	10803191	0.0000	836
21	10803218	0.0000	863
21	10803219	0.0000	864
21	10803233	0.0008	878
21	10803383	0.0000	1028
21	10803468	0.0000	1113
21	10803500	0.0000	1145
21	10803518	0.0000	1163
21	10803544	0.0000	1189
21	10803627	0.0000	1272
21	10803963	0.0000	1608
21	10804009	0.0000	1654
21	10804046	0.0012	1691
21	10804136	0.0012	1781
21	10804151	33.0000	1796
21	10805275	0.0000	0
21	10805487	0.0000	212
21	10805491	0.0004	216
21	10805571	0.0008	296
21	10805659	0.0004	384
21	10805708	0.0000	433
21	10805720	0.0004	445
21	10805721	0.0004	446
21	10805788	0.0000	513
21	10805793	0.0000	518
21	10805794	0.0000	519
21	10805948	0.0000	673
21	10805960	0.0000	685
21	10806028	0.0000	753
21	10806049	0.0000	774
21	10806057	0.0000	782
21	10806088	0.0004	813
21	10806109	0.0004	834
21	10806117	0.0000	842
21	10806224	0.0000	949
21	10806240	0.0004	965
21	10806302	0.0004	1027
21	10806304	0.0000	1029
21	10806318	0.0008	1043
21	10806581	0.0004	1306
21	10806648	0.0004	1373
21	10806752	0.0000	1477
21	10806837	0.0000	1562
21	10806850	0.0000	1575
21	10806875	0.0000	1600
21	10806933	0.0000	1658
21	10806943	0.0000	1668
21	10807025	0.0000	1750
21	10807056	33.0000	1781
21	10810580	0.0004	0
21	10810583	0.0000	3
21	10810665	0.0000	85
21	10810688	0.0004	108
21	10810691	0.0004	111
21	10810695	0.0008	115
21	10810713	0.0000	133
21	10810744	0.0012	164
21	10810852	0.0012	272
21	10810944	0.0000	364
21	10811022	0.0000	442
21	10811067	0.0000	487
21	10811095	0.0000	515
21	10811113	0.0000	533
21	10811118	0.0000	538
21	10811131	0.0000	551
21	10811140	0.0000	560
21	10811148	0.0000	568
21	10811158	0.0000	578
21	10811229	0.0000	649
21	10811369	0.0000	789
21	10811402	0.0000	822
21	10811416	0.0000	836
21	10811552	0.0000	972
21	10811560	0.0004	980
21	10811592	0.0012	1012
21	10811661	0.0008	1081
21	10811737	0.0008	1157
21	10811770	0.0004	1190
21	10811779	0.0000	1199
21	10811795	0.0000	1215
21	10811800	0.0004	1220
21	10811832	0.0004	1252
21	10811858	0.0012	1278
21	10811923	0.0012	1343
21	10811989	0.0000	1409
21	10811990	0.0000	1410
21	10811999	0.0004	1419
21	10812071	38.0000	1491
21	14064300	0.0004	0
21	14064362	0.0000	62
21	14064371	0.0000	71
21	14064379	0.0004	79
21	14064395	0.0000	95
21	14064415	0.0000	115
21	14064492	0.0004	192
21	14064604	0.0000	304
21	14064608	0.0004	308
21	14064648	0.0004	348
21	14064796	0.0004	496
21	14064848	0.0008	548
21	14064891	0.0004	591
21	14064938	0.0000	638
21	14064942	0.0000	642
21	14064944	0.0012	644
21	14064952	0.0012	652
21	14065016	0.0000	716
21	14065035	0.0000	735
21	14065150	0.0000	850
21	14065239	0.0008	939
21	14065945	0.0012	1645
21	14066239	0.0004	1939
21	14066265	0.0000	1965
21	14066383	0.0000	2083
21	14066436	0.0000	2136
21	14066443	0.0004	2143
21	14066571	0.0004	2271
21	14066609	0.0004	2309
21	14066724	0.0004	2424
21	14066757	0.0008	2457
21	14066802	31.0000	2502
21	14090724	0.0000	0
21	14090752	0.0000	28
21	14091026	0.0000	302
21	14091079	0.0000	355
21	14091369	0.0000	645
21	14091544	0.0004	820
21	14091635	0.0004	911
21	14092119	0.0000	1395
21	14092340	0.0000	1616
21	14092580	0.0004	1856
21	14092708	0.0000	1984
21	14092740	0.0004	2016
21	14092747	0.0004	2023
21	14092788	0.0008	2064
21	14092957	0.0004	2233
21	14092995	0.0004	2271
21	14093067	0.0004	2343
21	14093216	0.0000	2492
21	14093301	0.0004	2577
21	14093338	0.0012	2614
21	14093658	0.0008	2934
21	14093752	0.0000	3028
21	14093779	0.0000	3055
21	14094201	0.0004	3477
21	14094391	0.0012	3667
21	14095088	0.0004	4364
21	14095126	0.0004	4402
21	14095249	0.0004	4525
21	14095863	0.0000	5139
21	14096255	0.0000	5531
21	14096321	0.0000	5597
21	14096393	31.0000	5669
21	14229642	0.0008	0
21	14230274	0.0004	632
21	14230514	0.0012	872
21	14230663	0.0012	1021
21	14230676	0.0004	1034
21	14230746	0.0004	1104
21	14231019	0.0000	1377
21	14231148	0.0000	1506
21	14231469	0.0000	1827
21	14231659	0.0012	2017
21	14231749	0.0000	2107
21	14231883	0.0000	2241
21	14231906	0.0012	2264
21	14232291	0.0000	2649
21	14232454	0.0000	2812
21	14232624	0.0008	2982
21	14232681	0.0008	3039
21	14232844	0.0012	3202
21	14232921	0.0012	3279
21	14233048	0.0000	3406
21	14233066	0.0000	3424
21	14233266	0.0012	3624
21	14233422	0.0012	3780
21	14233535	0.0004	3893
21	14233678	0.0004	4036
21	14233807	0.0000	4165
21	14233952	0.0000	4310
21	14234033	0.0000	4391
21	14234436	0.0004	4794
21	14234750	29.0000	5108
21	14707515	0.0000	0
21	14707798	0.0000	283
21	14707800	0.0000	285
21	14708027	0.0004	512
21	14708222	0.0004	707
21	14708453	0.0000	938
21	14708454	0.0004	939
21	14708719	0.0004	1204
21	14708751	0.0000	1236
21	14708806	0.0000	1291
21	14709479	0.0000	1964
21	14709537	0.0000	2022
21	14709641	0.0000	2126
21	14709764	0.0000	2249
21	14709892	0.0000	2377
21	14709899	0.0004	2384
21	14710637	0.0004	3122
21	14710829	0.0000	3314
21	14710993	0.0000	3478
21	14711202	0.0004	3687
21	14711681	0.0004	4166
21	14711840	0.0000	4325
21	14711855	0.0000	4340
21	14712025	0.0000	4510
21	14712038	0.0008	4523
21	14712108	0.0008	4593
21	14712229	0.0000	4714
21	14712470	0.0000	4955
21	14712487	0.0004	4972
21	14712595	0.0004	5080
21	14712931	0.0000	5416
21	14712984	0.0000	5469
21	14713085	0.0000	5570
21	14713214	0.0000	5699
21	14713491	0.0012	5976
21	14713955	0.0012	6440
21	14714156	0.0004	6641
21	14714278	0.0000	6763
21	14714282	0.0000	6767
21	14714453	0.0004	6938
21	14714704	0.0000	7189
21	14714780	0.0008	7265
21	14715113	0.0004	7598
21	14715126	0.0008	7611
21	14715483	0.0000	7968
21	14715627	0.0000	8112
21	14715670	0.0000	8155
21	14715977	0.0000	8462
21	14716465	0.0000	8950
21	14716976	0.0000	9461
21	14717796	0.0000	10281
21	14717944	51.0000	10429
21	17894564	0.0000	0
21	17894566	0.0000	2
21	17894874	0.0000	310
21	17894960	0.0000	396
21	17895047	0.0000	483
21	17895048	0.0004	484
21	17895268	0.0004	704
21	17895392	0.0000	828
21	17895416	0.0000	852
21	17895525	0.0000	961
21	17895541	0.0000	977
21	17895569	0.0000	1005
21	17895577	0.0000	1013
21	17895961	0.0000	1397
21	17895962	0.0000	1398
21	17896190	0.0000	1626
21	17896201	0.0000	1637
21	17896751	0.0000	2187
21	17896794	0.0000	2230
21	17897028	0.0004	2464
21	17897131	0.0004	2567
21	17897197	0.0000	2633
21	17897348	0.0000	2784
21	17897511	0.0000	2947
21	17897552	0.0000	2988
21	17897598	0.0000	3034
21	17897809	0.0000	3245
21	17897880	0.0000	3316
21	17897944	0.0000	3380
21	17897949	0.0000	3385
21	17898003	0.0000	3439
21	17898133	0.0000	3569
21	17898219	0.0000	3655
21	17898366	0.0000	3802
21	17898611	0.0000	4047
21	17898627	0.0000	4063
21	17898645	0.0000	4081
21	17898676	0.0000	4112
21	17898717	0.0000	4153
21	17898782	0.0000	4218
21	17898877	0.0000	4313
21	17898884	0.0000	4320
21	17898938	0.0000	4374
21	17899287	0.0000	4723
21	17899448	0.0000	4884
21	17899490	45.0000	4926
21	18504171	0.0000	0
21	18504268	0.0000	97
21	18504367	0.0000	196
21	18505198	0.0000	1027
21	18505216	0.0000	1045
21	18505557	0.0000	1386
21	18505605	0.0000	1434
21	18506138	0.0008	1967
21	18506603	0.0008	2432
21	18507067	0.0000	2896
21	18507165	0.0000	2994
21	18507905	0.0000	3734
21	18508119	0.0000	3948
21	18508212	0.0000	4041
21	18508281	0.0000	4110
21	18508392	0.0000	4221
21	18508548	0.0000	4377
21	18508864	0.0000	4693
21	18509022	0.0000	4851
21	18509371	0.0000	5200
21	18509809	0.0000	5638
21	18509898	0.0000	5727
21	18509937	0.0000	5766
21	18510151	0.0000	5980
21	18510155	0.0000	5984
21	18510287	0.0000	6116
21	18510328	0.0000	6157
21	18510645	0.0000	6474
21	18510718	0.0000	6547
21	18510964	0.0000	6793
21	18511400	0.0000	7229
21	18511460	0.0000	7289
21	18511660	0.0004	7489
21	18512801	0.0008	8630
21	18513417	0.0004	9246
21	18514342	0.0004	10171
21	18514471	0.0004	10300
21	18514534	37.0000	10363
21	18722607	0.0004	0
21	18723169	0.0000	562
21	18723312	0.0004	705
21	18723699	0.0000	1092
21	18724207	0.0000	1600
21	18724407	0.0012	1800
21	18724605	0.0012	1998
21	18724744	0.0000	2137
21	18725110	0.0000	2503
21	18725724	0.0000	3117
21	18726139	0.0008	3532
21	18727281	0.0000	4674
21	18727291	0.0004	4684
21	18727736	0.0000	5129
21	18727816	0.0000	5209
21	18728021	0.0000	5414
21	18728283	0.0000	5676
21	18728707	0.0000	6100
21	18729008	0.0000	6401
21	18729049	0.0000	6442
21	18729072	0.0000	6465
21	18729211	0.0008	6604
21	18729264	0.0008	6657
21	18729317	0.0000	6710
21	18730183	0.0008	7576
21	18730782	0.0000	8175
21	18730929	0.0000	8322
21	18730962	0.0000	8355
21	18731034	0.0000	8427
21	18731169	0.0000	8562
21	18731203	0.0000	8596
21	18731521	0.0012	8914
21	18731642	0.0012	9035
21	18731728	0.0008	9121
21	18731780	0.0000	9173
21	18731785	35.0000	9178
21	18752121	0.0004	0
21	18752213	0.0000	92
21	18752272	0.0000	151
21	18752403	0.0000	282
21	18752408	0.0000	287
21	18752422	0.0000	301
21	18752440	0.0000	319
21	18752532	0.0000	411
21	18752781	0.0004	660
21	18753109	0.0004	988
21	18753149	0.0004	1028
21	18753194	0.0000	1073
21	18753302	0.0000	1181
21	18753322	0.0000	1201
21	18754557	0.0000	2436
21	18754634	0.0000	2513
21	18754780	0.0000	2659
21	18755001	0.0000	2880
21	18755207	0.0000	3086
21	18755214	0.0004	3093
21	18755468	0.0000	3347
21	18755536	0.0000	3415
21	18755546	0.0000	3425
21	18755611	0.0000	3490
21	18755621	0.0000	3500
21	18755629	0.0004	3508
21	18755880	26.0000	3759
21	18767687	0.0000	0
21	18767753	0.0000	66
21	18768109	0.0000	422
21	18768431	0.0000	744
21	18768604	0.0000	917
21	18768649	0.0004	962
21	18768737	0.0004	1050
21	18768814	0.0000	1127
21	18769152	0.0000	1465
21	18769540	0.0004	1853
21	18769871	0.0000	2184
21	18769895	0.0008	2208
21	18770096	0.0008	2409
21	18770425	0.0008	2738
21	18770756	0.0004	3069
21	18770776	0.0000	3089
21	18770805	0.0000	3118
21	18770832	0.0000	3145
21	18770982	0.0000	3295
21	18771023	0.0000	3336
21	18771298	0.0000	3611
21	18771357	0.0000	3670
21	18771372	0.0000	3685
21	18771690	0.0000	4003
21	18771823	24.0000	4136
21	18837669	0.0000	0
21	18838027	0.0012	358
21	18838247	0.0012	578
21	18838442	0.0008	773
21	18838465	0.0008	796
21	18838893	0.0000	1224
21	18838958	0.0000	1289
21	18838995	0.0000	1326
21	18839533	0.0000	1864
21	18839710	0.0000	2041
21	18839836	0.0000	2167
21	18840359	0.0000	2690
21	18840374	0.0000	2705
21	18840495	0.0000	2826
21	18841120	0.0008	3451
21	18841309	0.0008	3640
21	18841604	0.0000	3935
21	18842391	0.0000	4722
21	18842759	0.0000	5090
21	18842877	0.0000	5208
21	18843076	0.0000	5407
21	18844403	0.0004	6734
21	18844541	0.0004	6872
21	18844569	0.0000	6900
21	18845329	0.0000	7660
21	18845627	0.0000	7958
21	18845666	0.0004	7997
21	18845791	0.0004	8122
21	18846498	28.0000	8829
21	19048711	0.0004	0
21	19048781	0.0000	70
21	19049311	0.0000	600
21	19049318	0.0000	607
21	19050255	0.0000	1544
21	19050435	0.0000	1724
21	19050735	0.0004	2024
21	19051107	0.0004	2396
21	19051185	0.0004	2474
21	19051470	0.0004	2759
21	19051663	0.0000	2952
21	19051674	0.0000	2963
21	19051682	0.0004	2971
21	19051953	0.0008	3242
21	19052010	0.0008	3299
21	19052321	0.0000	3610
21	19052440	0.0000	3729
21	19053578	0.0000	4867
21	19053929	0.0000	5218
21	19053930	0.0000	5219
21	19054342	0.0012	5631
21	19054856	0.0000	6145
21	19055042	0.0000	6331
21	19055433	0.0000	6722
21	19055558	24.0000	6847
21	19266896	0.0004	0
21	19267175	0.0000	279
21	19267704	0.0004	808
21	19267850	0.0000	954
21	19267854	0.0000	958
21	19267858	0.0000	962
21	19267859	0.0000	963
21	19267871	0.0000	975
21	19267877	0.0000	981
21	19267882	0.0004	986
21	19268963	0.0000	2067
21	19269670	0.0000	2774
21	19270601	0.0000	3705
21	19270989	0.0004	4093
21	19271026	0.0004	4130
21	19271290	0.0000	4394
21	19271313	0.0000	4417
21	19271377	0.0000	4481
21	19271397	0.0000	4501
21	19271398	0.0000	4502
21	19271447	0.0000	4551
21	19272275	0.0000	5379
21	19272458	0.0008	5562
21	19272921	0.0004	6025
21	19272981	0.0000	6085
21	19273148	0.0000	6252
21	19273255	0.0000	6359
21	19273664	0.0000	6768
21	19273799	0.0008	6903
21	19273863	0.0008	6967
21	19273932	0.0000	7036
21	19274268	0.0000	7372
21	19274529	0.0000	7633
21	19274619	0.0012	7723
21	19274885	34.0000	7989
21	19598798	0.0004	0
21	19598799	0.0004	1
21	19598896	0.0004	98
21	19598934	0.0008	136
21	19599065	0.0004	267
21	19599086	0.0004	288
21	19599087	0.0008	289
21	19599162	0.0000	364
21	19599350	0.0000	552
21	19599498	0.0000	700
21	19599560	0.0000	762
21	19599712	0.0004	914
21	19599789	0.0004	991
21	19599868	0.0008	1070
21	19599905	0.0012	1107
21	19600052	0.0000	1254
21	19600187	0.0000	1389
21	19600255	0.0000	1457
21	19600501	0.0000	1703
21	19600517	0.0000	1719
21	19600669	0.0000	1871
21	19600769	0.0004	1971
21	19600923	0.0004	2125
21	19601037	0.0000	2239
21	19601087	0.0000	2289
21	19601218	0.0000	2420
21	19601239	26.0000	2441
21	20299175	0.0012	0
21	20300297	0.0000	1122
21	20300518	0.0000	1343
21	20300619	0.0000	1444
21	20300649	0.0000	1474
21	20300711	0.0000	1536
21	20300763	0.0000	1588
21	20301118	0.0000	1943
21	20301246	0.0000	2071
21	20301252	0.0004	2077
21	20301840	0.0000	2665
21	20301901	0.0000	2726
21	20302125	0.0004	2950
21	20302339	0.0000	3164
21	20302340	0.0004	3165
21	20302585	0.0000	3410
21	20303014	0.0000	3839
21	20303703	0.0000	4528
21	20303842	0.0004	4667
21	20303991	0.0004	4816
21	20304135	0.0004	4960
21	20304194	0.0008	5019
21	20304311	0.0008	5136
21	20304616	0.0004	5441
21	20304939	0.0000	5764
21	20305260	0.0000	6085
21	20305357	0.0004	6182
21	20305360	0.0004	6185
21	20305468	28.0000	6293
21	20454266	0.0000	0
21	20454425	0.0000	159
21	20454552	0.0000	286
21	20454727	0.0000	461
21	20454885	0.0004	619
21	20454988	0.0004	722
21	20455047	0.0000	781
21	20455199	0.0000	933
21	20455256	0.0000	990
21	20455279	0.0004	1013
21	20455600	0.0000	1334
21	20455803	0.0000	1537
21	20456440	0.0000	2174
21	20456499	0.0008	2233
21	20456995	0.0004	2729
21	20457050	0.0000	2784
21	20458209	0.0000	3943
21	20458253	0.0000	3987
21	20458468	0.0000	4202
21	20458548	0.0000	4282
21	20458574	0.0000	4308
21	20458778	0.0000	4512
21	20458869	0.0000	4603
21	20458884	0.0000	4618
21	20459040	0.0000	4774
21	20459111	0.0000	4845
21	20459485	0.0000	5219
21	20459664	0.0000	5398
21	20460159	0.0004	5893
21	20460366	0.0008	6100
21	20460401	0.0004	6135
21	20460423	0.0008	6157
21	20460925	0.0000	6659
21	20460927	0.0012	6661
21	20461112	0.0004	6846
21	20461702	0.0000	7436
21	20461721	0.0000	7455
21	20462091	0.0000	7825
21	20462136	0.0008	7870
21	20465834	0.0000	11568
21	20466210	0.0000	11944
21	20467002	41.0000	12736
21	20495182	0.0000	0
21	20495318	0.0000	136
21	20495341	0.0000	159
21	20495409	0.0000	227
21	20495732	0.0000	550
21	20495907	0.0000	725
21	20495955	0.0004	773
21	20496125	0.0004	943
21	20496172	0.0004	990
21	20496175	0.0004	993
21	20497240	0.0000	2058
21	20497251	0.0004	2069
21	20497289	0.0004	2107
21	20497818	0.0000	2636
21	20497975	0.0000	2793
21	20498137	0.0000	2955
21	20498202	0.0000	3020
21	20498225	0.0000	3043
21	20498277	0.0000	3095
21	20498380	0.0000	3198
21	20498607	0.0000	3425
21	20498777	0.0000	3595
21	20498849	0.0004	3667
21	20499066	0.0004	3884
21	20499085	0.0000	3903
21	20499115	0.0000	3933
21	20499117	0.0000	3935
21	20499257	0.0000	4075
21	20499321	0.0000	4139
21	20499381	0.0000	4199
21	20499382	0.0000	4200
21	20499484	0.0000	4302
21	20499636	0.0012	4454
21	20500709	33.0000	5527
21	21356636	0.0000	0
21	21356692	0.0000	56
21	21356816	0.0000	180
21	21356912	0.0012	276
21	21357693	0.0012	1057
21	21358156	0.0004	1520
21	21358358	0.0000	1722
21	21358490	0.0000	1854
21	21358685	0.0000	2049
21	21358872	0.0000	2236
21	21359230	0.0000	2594
21	21360609	0.0000	3973
21	21360625	0.0000	3989
21	21361059	0.0000	4423
21	21361249	0.0004	4613
21	21361396	0.0008	4760
21	21363815	0.0004	7179
21	21364403	0.0000	7767
21	21364413	0.0008	7777
21	21364614	0.0008	7978
21	21365792	0.0004	9156
21	21367821	0.0000	11185
21	21367851	0.0000	11215
21	21368078	0.0008	11442
21	21369077	0.0012	12441
21	21372035	0.0004	15399
21	21373520	0.0012	16884
21	21374307	0.0008	17671
21	21375005	0.0008	18369
21	21375529	0.0008	18893
21	21378760	30.0000	22124
21	21549635	0.0000	0
21	21549661	0.0000	26
21	21549732	0.0000	97
21	21550324	0.0000	689
21	21550387	0.0000	752
21	21550391	0.0000	756
21	21550497	0.0000	862
21	21550510	0.0000	875
21	21551312	0.0000	1677
21	21551902	0.0000	2267
21	21551915	0.0000	2280
21	21552373	0.0000	2738
21	21552416	0.0008	2781
21	21552763	0.0004	3128
21	21553464	0.0000	3829
21	21553682	0.0000	4047
21	21553885	0.0000	4250
21	21554036	0.0000	4401
21	21554237	0.0000	4602
21	21554539	0.0000	4904
21	21554646	0.0000	5011
21	21554683	0.0000	5048
21	21554916	0.0000	5281
21	21555137	0.0000	5502
21	21555221	0.0000	5586
21	21555478	0.0000	5843
21	21555522	0.0000	5887
21	21555729	0.0000	6094
21	21555989	0.0004	6354
21	21556971	0.0004	7336
21	21557047	0.0000	7412
21	21557150	0.0000	7515
21	21557724	0.0000	8089
21	21557951	0.0000	8316
21	21558165	0.0004	8530
21	21558412	0.0008	8777
21	21558424	0.0004	8789
21	21558439	37.0000	8804
21	21751277	0.0004	0
21	21751481	0.0004	204
21	21751810	0.0004	533
21	21751876	0.0000	599
21	21752077	0.0004	800
21	21752289	0.0000	1012
21	21752429	0.0000	1152
21	21752550	0.0000	1273
21	21752694	0.0000	1417
21	21752715	0.0000	1438
21	21752979	0.0004	1702
21	21753425	0.0004	2148
21	21753505	0.0012	2228
21	21753580	0.0004	2303
21	21754472	0.0000	3195
21	21754547	0.0000	3270
21	21754685	0.0000	3408
21	21754966	0.0004	3689
21	21755101	0.0004	3824
21	21755189	0.0000	3912
21	21755382	0.0000	4105
21	21755383	0.0000	4106
21	21755396	0.0004	4119
21	21755629	0.0000	4352
21	21755723	0.0000	4446
21	21755761	0.0000	4484
21	21755821	0.0000	4544
21	21756130	0.0000	4853
21	21756367	0.0004	5090
21	21756541	0.0004	5264
21	21756856	0.0000	5579
21	21756895	0.0000	5618
21	21757077	0.0000	5800
21	21757145	33.0000	5868
21	22557952	0.0000	0
21	22558169	0.0000	217
21	22558190	0.0000	238
21	22558192	0.0000	240
21	22558221	0.0000	269
21	22558246	0.0000	294
21	22558247	0.0000	295
21	22558766	0.0000	814
21	22558977	0.0000	1025
21	22559126	0.0004	1174
21	22559368	0.0004	1416
21	22559433	0.0000	1481
21	22559434	0.0000	1482
21	22559550	0.0004	1598
21	22559880	0.0004	1928
21	22559946	0.0004	1994
21	22560094	0.0004	2142
21	22560334	0.0004	2382
21	22560474	0.0004	2522
21	22560841	0.0000	2889
21	22561143	0.0000	3191
21	22561291	0.0008	3339
21	22561446	0.0008	3494
21	22561784	0.0008	3832
21	22561819	0.0012	3867
21	22562020	0.0008	4068
21	22562072	0.0012	4120
21	22562499	0.0004	4547
21	22562834	0.0004	4882
21	22562893	0.0004	4941
21	22563151	0.0004	5199
21	22563288	0.0004	5336
21	22563375	0.0000	5423
21	22563449	0.0000	5497
21	22563490	0.0004	5538
21	22563739	0.0004	5787
21	22563757	0.0000	5805
21	22563766	0.0000	5814
21	22564082	0.0000	6130
21	22564222	0.0000	6270
21	22564432	0.0004	6480
21	22565032	0.0000	7080
21	22565909	0.0004	7957
21	22566002	0.0000	8050
21	22566092	0.0000	8140
21	22566176	0.0004	8224
21	22566411	0.0012	8459
21	22566565	0.0004	8613
21	22566585	0.0004	8633
21	22566598	0.0012	8646
21	22567076	0.0004	9124
21	22567177	0.0008	9225
21	22567416	0.0000	9464
21	22567431	0.0012	9479
21	22567802	0.0004	9850
21	22568064	0.0000	10112
21	22568143	0.0004	10191
21	22568275	0.0004	10323
21	22568344	0.0000	10392
21	22568551	0.0000	10599
21	22568872	0.0000	10920
21	22569370	0.0000	11418
21	22569390	0.0000	11438
21	22569403	0.0008	11451
21	22569631	0.0008	11679
21	22570093	0.0000	12141
21	22570284	0.0004	12332
21	22571359	0.0008	13407
21	22572014	68.0000	14062
21	22820216	0.0000	0
21	22820350	0.0000	134
21	22821064	0.0000	848
21	22821188	0.0008	972
21	22823168	0.0008	2952
21	22823225	0.0012	3009
21	22823339	0.0012	3123
21	22823551	0.0000	3335
21	22823595	0.0000	3379
21	22823888	0.0000	3672
21	22824278	0.0012	4062
21	22825263	0.0012	5047
21	22827004	0.0000	6788
21	22827325	0.0000	7109
21	22827567	0.0000	7351
21	22827731	0.0000	7515
21	22828089	0.0000	7873
21	22828420	0.0000	8204
21	22828548	0.0000	8332
21	22829024	0.0000	8808
21	22829029	0.0000	8813
21	22829075	0.0000	8859
21	22829246	0.0000	9030
21	22829480	0.0000	9264
21	22829670	0.0000	9454
21	22829950	0.0000	9734
21	22829985	0.0004	9769
21	22830452	0.0000	10236
21	22830477	0.0004	10261
21	22830575	0.0000	10359
21	22830815	0.0004	10599
21	22830853	0.0004	10637
21	22830949	0.0000	10733
21	22831328	0.0000	11112
21	22831387	0.0004	11171
21	22831396	0.0008	11180
21	22831903	36.0000	11687
21	23139403	0.0004	0
21	23139621	0.0000	218
21	23140039	0.0000	636
21	23140324	0.0000	921
21	23140484	0.0008	1081
21	23141185	0.0012	1782
21	23141224	0.0008	1821
21	23142156	0.0008	2753
21	23142481	0.0008	3078
21	23143197	0.0000	3794
21	23143339	0.0000	3936
21	23143575	0.0004	4172
21	23143778	0.0004	4375
21	23144177	0.0008	4774
21	23145051	0.0000	5648
21	23145959	0.0008	6556
21	23146941	0.0008	7538
21	23148440	0.0008	9037
21	23148611	0.0012	9208
21	23148672	0.0012	9269
21	23148780	0.0012	9377
21	23149265	0.0012	9862
21	23149648	22.0000	10245
21	23424436	0.0000	0
21	23424652	0.0008	216
21	23424954	0.0004	518
21	23425437	0.0004	1001
21	23425826	0.0000	1390
21	23425949	0.0000	1513
21	23426278	0.0000	1842
21	23427122	0.0000	2686
21	23427129	0.0000	2693
21	23427493	0.0000	3057
21	23427495	0.0000	3059
21	23428079	0.0000	3643
21	23428571	0.0000	4135
21	23428595	0.0004	4159
21	23429199	0.0004	4763
21	23429287	0.0004	4851
21	23429974	0.0000	5538
21	23430027	0.0000	5591
21	23430121	0.0000	5685
21	23430407	0.0000	5971
21	23430477	0.0012	6041
21	23430835	0.0012	6399
21	23431298	0.0000	6862
21	23431338	0.0008	6902
21	23431529	0.0000	7093
21	23431590	0.0000	7154
21	23432076	0.0000	7640
21	23432242	0.0000	7806
21	23433337	0.0000	8901
21	23434095	0.0000	9659
21	23434397	0.0008	9961
21	23434596	31.0000	10160
21	24019516	0.0000	0
21	24020128	0.0012	612
21	24020972	0.0012	1456
21	24021702	0.0000	2186
21	24021730	0.0000	2214
21	24022315	0.0000	2799
21	24022518	0.0004	3002
21	24022595	0.0004	3079
21	24022842	0.0000	3326
21	24022950	0.0000	3434
21	24023024	0.0012	3508
21	24023500	0.0000	3984
21	24023780	0.0000	4264
21	24023798	0.0000	4282
21	24023873	0.0004	4357
21	24023891	0.0004	4375
21	24024049	0.0008	4533
21	24024289	0.0000	4773
21	24024677	0.0004	5161
21	24025616	0.0008	6100
21	24025941	0.0000	6425
21	24026319	0.0004	6803
21	24026351	0.0004	6835
21	24027081	0.0000	7565
21	24027644	0.0000	8128
21	24028227	0.0000	8711
21	24028265	0.0000	8749
21	24028295	0.0000	8779
21	24028385	0.0000	8869
21	24028827	0.0000	9311
21	24029036	0.0000	9520
21	24029307	0.0000	9791
21	24029676	0.0000	10160
21	24029752	0.0000	10236
21	24029754	0.0012	10238
21	24029825	0.0012	10309
21	24029857	0.0000	10341
21	24029864	0.0000	10348
21	24029949	0.0000	10433
21	24031361	0.0000	11845
21	24032034	0.0000	12518
21	24032169	0.0004	12653
21	24032392	0.0000	12876
21	24032637	0.0000	13121
21	24032777	0.0000	13261
21	24033013	0.0000	13497
21	24033035	0.0000	13519
21	24033484	0.0000	13968
21	24033506	0.0000	13990
21	24033584	0.0000	14068
21	24033670	0.0000	14154
21	24034240	0.0000	14724
21	24034387	0.0000	14871
21	24034424	0.0000	14908
21	24034636	0.0000	15120
21	24037279	55.0000	17763
21	24077560	0.0004	0
21	24077700	0.0000	140
21	24077713	0.0000	153
21	24077756	0.0000	196
21	24077877	0.0000	317
21	24077947	0.0000	387
21	24078237	0.0004	677
21	24078570	0.0000	1010
21	24078972	0.0004	1412
21	24080141	0.0000	2581
21	24080388	0.0000	2828
21	24081972	0.0000	4412
21	24081978	0.0000	4418
21	24082199	0.0004	4639
21	24082259	0.0004	4699
21	24082444	0.0000	4884
21	24082579	0.0000	5019
21	24082756	0.0000	5196
21	24082790	0.0000	5230
21	24082863	0.0004	5303
21	24083104	0.0004	5544
21	24083367	0.0004	5807
21	24083519	0.0008	5959
21	24083616	0.0004	6056
21	24083701	0.0004	6141
21	24084069	0.0004	6509
21	24084143	0.0000	6583
21	24084151	0.0012	6591
21	24084462	0.0004	6902
21	24084529	29.0000	6969
21	24085436	0.0004	0
21	24085483	0.0012	47
21	24086062	0.0000	626
21	24086097	0.0000	661
21	24086574	0.0000	1138
21	24086769	0.0000	1333
21	24086783	0.0004	1347
21	24086898	0.0008	1462
21	24086907	0.0004	1471
21	24086995	0.0004	1559
21	24087218	0.0008	1782
21	24087421	0.0000	1985
21	24087425	0.0004	1989
21	24087442	0.0000	2006
21	24087584	0.0000	2148
21	24087846	0.0000	2410
21	24087861	0.0012	2425
21	24088011	0.0012	2575
21	24088322	0.0004	2886
21	24088383	0.0008	2947
21	24088633	0.0000	3197
21	24088807	0.0000	3371
21	24088965	0.0000	3529
21	24088983	0.0000	3547
21	24089040	0.0000	3604
21	24089052	0.0000	3616
21	24089267	0.0000	3831
21	24089316	0.0000	3880
21	24089399	0.0000	3963
21	24089758	0.0004	4322
21	24089922	0.0004	4486
21	24090227	0.0000	4791
21	24090331	0.0004	4895
21	24090448	0.0004	5012
21	24090478	0.0004	5042
21	24091335	0.0004	5899
21	24091357	0.0000	5921
21	24091412	0.0000	5976
21	24091887	0.0004	6451
21	24092305	0.0004	6869
21	24092601	0.0000	7165
21	24092626	0.0004	7190
21	24092717	0.0000	7281
21	24092923	0.0004	7487
21	24093216	0.0000	7780
21	24093874	0.0004	8438
21	24094013	0.0004	8577
21	24094171	0.0004	8735
21	24094278	0.0000	8842
21	24094423	0.0004	8987
21	24094444	0.0000	9008
21	24094655	0.0000	9219
21	24094696	0.0000	9260
21	24094733	0.0004	9297
21	24094792	0.0008	9356
21	24094852	55.0000	9416
21	24115032	0.0000	0
21	24115033	0.0000	1
21	24115120	0.0004	88
21	24115150	0.0004	118
21	24115294	0.0004	262
21	24115341	0.0004	309
21	24115346	0.0000	314
21	24115347	0.0000	315
21	24115535	0.0000	503
21	24115565	0.0000	533
21	24116052	0.0008	1020
21	24116633	0.0004	1601
21	24116726	0.0000	1694
21	24116739	0.0000	1707
21	24116834	0.0004	1802
21	24116973	0.0004	1941
21	24117357	0.0000	2325
21	24117448	0.0000	2416
21	24117468	0.0000	2436
21	24117473	0.0000	2441
21	24117536	0.0000	2504
21	24117613	0.0000	2581
21	24117900	0.0000	2868
21	24118042	0.0000	3010
21	24118130	0.0000	3098
21	24118139	0.0004	3107
21	24118236	0.0004	3204
21	24118368	0.0000	3336
21	24118390	0.0008	3358
21	24118452	0.0008	3420
21	24118460	0.0000	3428
21	24118461	0.0000	3429
21	24118486	0.0004	3454
21	24118498	0.0012	3466
21	24118515	34.0000	3483
21	24149620	0.0000	0
21	24149868	0.0000	248
21	24150075	0.0000	455
21	24150393	0.0000	773
21	24150463	0.0000	843
21	24150698	0.0000	1078
21	24150899	0.0000	1279
21	24150901	0.0000	1281
21	24150907	0.0004	1287
21	24151028	0.0004	1408
21	24151138	0.0008	1518
21	24151329	0.0000	1709
21	24151332	0.0000	1712
21	24151333	0.0008	1713
21	24151886	0.0000	2266
21	24153501	0.0000	3881
21	24153691	0.0004	4071
21	24154158	0.0004	4538
21	24155171	0.0000	5551
21	24155523	0.0000	5903
21	24156612	0.0008	6992
21	24158244	0.0004	8624
21	24158807	22.0000	9187
21	24163977	0.0004	0
21	24164416	0.0000	439
21	24164418	0.0000	441
21	24165984	0.0000	2007
21	24166121	0.0000	2144
21	24166409	0.0000	2432
21	24166721	0.0000	2744
21	24166812	0.0000	2835
21	24166936	0.0000	2959
21	24167588	0.0000	3611
21	24167737	0.0000	3760
21	24167892	0.0000	3915
21	24168129	0.0000	4152
21	24168209	0.0000	4232
21	24168215	0.0000	4238
21	24168335	0.0000	4358
21	24168422	0.0000	4445
21	24168521	0.0000	4544
21	24168538	0.0000	4561
21	24168551	0.0000	4574
21	24168698	0.0008	4721
21	24168939	0.0004	4962
21	24169744	0.0000	5767
21	24169995	0.0000	6018
21	24169998	0.0000	6021
21	24170429	0.0000	6452
21	24170720	0.0000	6743
21	24170798	0.0004	6821
21	24170868	0.0004	6891
21	24171076	0.0000	7099
21	24171103	0.0000	7126
21	24171128	0.0012	7151
21	24171561	0.0012	7584
21	24171694	0.0004	7717
21	24171747	0.0004	7770
21	24171778	0.0000	7801
21	24171812	0.0000	7835
21	24172322	0.0000	8345
21	24172373	0.0000	8396
21	24172553	0.0000	8576
21	24172576	0.0000	8599
21	24172717	0.0000	8740
21	24172759	0.0000	8782
21	24173134	0.0000	9157
21	24173303	0.0000	9326
21	24173387	0.0004	9410
21	24173438	0.0000	9461
21	24173491	47.0000	9514
21	24446449	0.0000	0
21	24447888	0.0000	1439
21	24448320	0.0000	1871
21	24449288	0.0000	2839
21	24451394	0.0000	4945
21	24452846	0.0000	6397
21	24453882	0.0004	7433
21	24455673	0.0000	9224
21	24456108	0.0000	9659
21	24456785	0.0000	10336
21	24456843	0.0000	10394
21	24456852	0.0012	10403
21	24456916	0.0012	10467
21	24456944	0.0000	10495
21	24456961	0.0000	10512
21	24457053	0.0000	10604
21	24457072	0.0000	10623
21	24457130	0.0004	10681
21	24457494	0.0004	11045
21	24457551	0.0000	11102
21	24457556	0.0000	11107
21	24457697	0.0004	11248
21	24457829	0.0012	11380
21	24457878	0.0008	11429
21	24457931	0.0000	11482
21	24457989	0.0000	11540
21	24457996	0.0012	11547
21	24458275	0.0012	11826
21	24458482	0.0000	12033
21	24458542	0.0000	12093
21	24458604	0.0000	12155
21	24459339	0.0000	12890
21	24459412	0.0000	12963
21	24459633	0.0000	13184
21	24459771	0.0000	13322
21	24460036	0.0000	13587
21	24460142	0.0000	13693
21	24460164	0.0000	13715
21	24460223	0.0000	13774
21	24460255	0.0004	13806
21	24460331	0.0004	13882
21	24461468	41.0000	15019
21	25294013	0.0008	0
21	25295253	0.0004	1240
21	25295703	0.0012	1690
21	25297569	0.0012	3556
21	25297835	0.0012	3822
21	25302023	0.0008	8010
21	25304017	0.0000	10004
21	25304057	0.0008	10044
21	25304254	0.0008	10241
21	25304277	0.0000	10264
21	25304388	0.0012	10375
21	25309803	0.0004	15790
21	25310737	0.0000	16724
21	25312221	0.0004	18208
21	25313049	0.0004	19036
21	25313163	0.0008	19150
21	25314029	0.0012	20016
21	25314971	0.0000	20958
21	25314972	0.0012	20959
21	25315116	0.0008	21103
21	25315185	0.0008	21172
21	25315647	0.0000	21634
21	25315748	0.0004	21735
21	25316569	0.0000	22556
21	25317138	0.0000	23125
21	25317608	0.0012	23595
21	25319173	0.0008	25160
21	25319260	0.0000	25247
21	25319495	0.0008	25482
21	25319819	0.0004	25806
21	25320057	0.0004	26044
21	25320148	0.0004	26135
21	25320160	0.0012	26147
21	25320790	33.0000	26777
21	26637585	0.0008	0
21	26637653	0.0008	68
21	26638032	0.0000	447
21	26638973	0.0000	1388
21	26640302	0.0000	2717
21	26640322	0.0000	2737
21	26640369	0.0000	2784
21	26640666	0.0000	3081
21	26640830	0.0000	3245
21	26641090	0.0000	3505
21	26641763	0.0000	4178
21	26641901	0.0000	4316
21	26642181	0.0004	4596
21	26642504	0.0004	4919
21	26642980	0.0000	5395
21	26643419	0.0000	5834
21	26643759	0.0000	6174
21	26643868	0.0000	6283
21	26643870	0.0000	6285
21	26643893	0.0000	6308
21	26644196	0.0000	6611
21	26644523	0.0000	6938
21	26645269	0.0004	7684
21	26645392	0.0000	7807
21	26645515	0.0004	7930
21	26645789	25.0000	8204
21	26657979	0.0008	0
21	26658701	0.0000	722
21	26659131	0.0000	1152
21	26659132	0.0000	1153
21	26659667	0.0012	1688
21	26660039	0.0004	2060
21	26660554	0.0000	2575
21	26660997	0.0000	3018
21	26661131	0.0000	3152
21	26661543	0.0012	3564
21	26661754	0.0012	3775
21	26662350	0.0000	4371
21	26662516	0.0000	4537
21	26662741	0.0000	4762
21	26663237	0.0004	5258
21	26663451	0.0004	5472
21	26664306	0.0000	6327
21	26664482	0.0000	6503
21	26664604	0.0000	6625
21	26664838	0.0000	6859
21	26664963	0.0004	6984
21	26665344	0.0004	7365
21	26666906	0.0000	8927
21	26667240	0.0000	9261
21	26667503	0.0000	9524
21	26667631	0.0000	9652
21	26668121	0.0000	10142
21	26669012	0.0000	11033
21	26669092	0.0004	11113
21	26669886	0.0004	11907
21	26669900	0.0000	11921
21	26669992	0.0000	12013
21	26670327	0.0000	12348
21	26670334	33.0000	12355
21	27670599	0.0004	0
21	27671196	0.0004	597
21	27671413	0.0012	814
21	27673538	0.0008	2939
21	27675931	0.0000	5332
21	27675942	0.0000	5343
21	27675970	0.0000	5371
21	27675975	0.0000	5376
21	27675999	0.0004	5400
21	27676042	0.0004	5443
21	27676047	0.0012	5448
21	27676511	0.0004	5912
21	27676950	0.0008	6351
21	27676998	0.0008	6399
21	27677055	0.0000	6456
21	27677143	0.0000	6544
21	27677313	0.0000	6714
21	27677390	0.0000	6791
21	27677673	0.0004	7074
21	27677977	0.0000	7378
21	27678141	0.0004	7542
21	27678227	0.0004	7628
21	27678423	0.0004	7824
21	27678760	0.0012	8161
21	27678991	0.0000	8392
21	27679041	0.0004	8442
21	27679555	0.0000	8956
21	27679645	0.0000	9046
21	27679662	0.0000	9063
21	27679770	0.0000	9171
21	27679801	0.0000	9202
21	27680041	0.0004	9442
21	27680272	0.0004	9673
21	27680342	0.0004	9743
21	27680427	0.0000	9828
21	27680714	0.0004	10115
21	27680810	0.0004	10211
21	27680811	37.0000	10212
21	27681381	0.0008	0
21	27681585	0.0004	204
21	27681616	0.0004	235
21	27681638	0.0004	257
21	27681691	0.0004	310
21	27681707	0.0000	326
21	27681978	0.0008	597
21	27682231	0.0000	850
21	27682235	0.0004	854
21	27682386	0.0000	1005
21	27682407	0.0000	1026
21	27682442	0.0000	1061
21	27682446	0.0000	1065
21	27682455	0.0000	1074
21	27682726	0.0004	1345
21	27682985	0.0000	1604
21	27683097	0.0008	1716
21	27683133	0.0004	1752
21	27683626	0.0008	2245
21	27684051	0.0004	2670
21	27684065	0.0000	2684
21	27684071	0.0000	2690
21	27684452	0.0012	3071
21	27685256	0.0000	3875
21	27685409	0.0000	4028
21	27685427	0.0000	4046
21	27685786	0.0004	4405
21	27686035	0.0000	4654
21	27686049	0.0004	4668
21	27686078	0.0008	4697
21	27686373	0.0012	4992
21	27687177	0.0008	5796
21	27687316	0.0004	5935
21	27687568	0.0000	6187
21	27688151	0.0004	6770
21	27688318	0.0004	6937
21	27688371	0.0004	6990
21	27688513	37.0000	7132
21	28188920	0.0000	0
21	28189177	0.0012	257
21	28189200	0.0012	280
21	28189265	0.0004	345
21	28189356	0.0000	436
21	28189373	0.0000	453
21	28189379	0.0004	459
21	28189435	0.0000	515
21	28189652	0.0012	732
21	28190297	0.0000	1377
21	28190302	0.0008	1382
21	28190393	0.0008	1473
21	28191045	0.0004	2125
21	28191187	0.0012	2267
21	28191628	0.0000	2708
21	28191669	0.0000	2749
21	28191817	0.0000	2897
21	28191824	0.0012	2904
21	28191930	0.0012	3010
21	28192425	0.0000	3505
21	28192453	0.0008	3533
21	28192477	0.0008	3557
21	28192897	0.0000	3977
21	28192939	0.0000	4019
21	28192980	0.0000	4060
21	28193055	0.0012	4135
21	28193360	0.0012	4440
21	28194343	0.0000	5423
21	28194364	0.0000	5444
21	28194612	0.0008	5692
21	28194777	0.0012	5857
21	28194973	0.0004	6053
21	28195374	0.0000	6454
21	28195659	0.0012	6739
21	28195735	0.0012	6815
21	28196060	0.0008	7140
21	28196517	0.0004	7597
21	28196831	0.0008	7911
21	28196880	0.0004	7960
21	28197235	0.0012	8315
21	28197685	0.0008	8765
21	28197740	0.0000	8820
21	28197753	0.0000	8833
21	28197856	0.0000	8936
21	28198109	0.0000	9189
21	28198159	0.0000	9239
21	28198189	0.0000	9269
21	28198241	0.0000	9321
21	28198385	0.0008	9465
21	28198690	0.0000	9770
21	28198832	0.0008	9912
21	28198980	0.0012	10060
21	28199027	0.0012	10107
21	28200000	53.0000	11080
21	28686611	0.0004	0
21	28686785	0.0004	174
21	28687483	0.0000	872
21	28688224	0.0000	1613
21	28688638	0.0000	2027
21	28689551	0.0000	2940
21	28690089	0.0000	3478
21	28690224	0.0004	3613
21	28691427	0.0004	4816
21	28691652	0.0000	5041
21	28691886	0.0000	5275
21	28691915	0.0000	5304
21	28692290	0.0000	5679
21	28692446	0.0000	5835
21	28692866	0.0000	6255
21	28693919	0.0000	7308
21	28694508	0.0000	7897
21	28694716	0.0000	8105
21	28694741	0.0000	8130
21	28694752	0.0000	8141
21	28694757	0.0000	8146
21	28694826	0.0000	8215
21	28695217	0.0000	8606
21	28695965	0.0000	9354
21	28696286	0.0000	9675
21	28696311	0.0000	9700
21	28696612	0.0000	10001
21	28697484	0.0000	10873
21	28698142	0.0000	11531
21	28698435	0.0000	11824
21	28698595	0.0000	11984
21	28698719	0.0000	12108
21	28698875	0.0000	12264
21	28699281	0.0000	12670
21	28699901	0.0000	13290
21	28700126	0.0000	13515
21	28700596	0.0000	13985
21	28700681	0.0000	14070
21	28701002	0.0008	14391
21	28702449	0.0008	15838
21	28703113	0.0004	16502
21	28703164	0.0008	16553
21	28703575	0.0000	16964
21	28704110	0.0000	17499
21	28705801	0.0004	19190
21	28706694	0.0004	20083
21	28707183	0.0008	20572
21	28707412	0.0000	20801
21	28709063	48.0000	22452
21	28736626	0.0000	0
21	28736667	0.0000	41
21	28736780	0.0000	154
21	28736826	0.0004	200
21	28736937	0.0004	311
21	28736982	0.0000	356
21	28737076	0.0000	450
21	28737169	0.0004	543
21	28737212	0.0004	586
21	28737285	0.0000	659
21	28737676	0.0000	1050
21	28738050	0.0000	1424
21	28738056	0.0000	1430
21	28738610	0.0000	1984
21	28738618	0.0000	1992
21	28738644	0.0004	2018
21	28738870	0.0004	2244
21	28739075	0.0000	2449
21	28739317	0.0004	2691
21	28739885	0.0004	3259
21	28739909	0.0000	3283
21	28740396	0.0000	3770
21	28740674	0.0004	4048
21	28741335	0.0000	4709
21	28741370	0.0000	4744
21	28741408	0.0008	4782
21	28741451	0.0008	4825
21	28741518	27.0000	4892
21	28741579	0.0000	0
21	28741705	0.0000	126
21	28741855	0.0000	276
21	28742000	0.0000	421
21	28742043	0.0000	464
21	28742109	0.0000	530
21	28742252	0.0000	673
21	28742298	0.0000	719
21	28742358	0.0000	779
21	28742468	0.0000	889
21	28742519	0.0000	940
21	28742605	0.0000	1026
21	28742710	0.0000	1131
21	28742848	0.0000	1269
21	28742924	0.0004	1345
21	28743249	0.0004	1670
21	28743307	0.0000	1728
21	28743518	0.0000	1939
21	28743696	0.0000	2117
21	28743805	0.0000	2226
21	28743824	0.0000	2245
21	28743895	0.0000	2316
21	28744391	0.0000	2812
21	28744431	0.0000	2852
21	28744484	0.0004	2905
21	28744801	0.0000	3222
21	28744884	0.0000	3305
21	28745180	0.0000	3601
21	28745648	0.0000	4069
21	28745678	29.0000	4099
21	28747300	0.0012	0
21	28747391	0.0012	91
21	28747402	0.0004	102
21	28747514	0.0004	214
21	28747568	0.0000	268
21	28747659	0.0000	359
21	28747710	0.0000	410
21	28748261	0.0000	961
21	28748442	0.0000	1142
21	28748954	0.0000	1654
21	28749266	0.0000	1966
21	28749603	0.0000	2303
21	28749676	0.0000	2376
21	28749886	0.0000	2586
21	28749929	0.0000	2629
21	28750197	0.0000	2897
21	28750242	0.0000	2942
21	28750306	0.0000	3006
21	28750575	0.0012	3275
21	28751211	0.0012	3911
21	28751722	0.0000	4422
21	28751762	0.0000	4462
21	28751803	0.0000	4503
21	28751936	0.0000	4636
21	28752170	0.0000	4870
21	28752348	0.0000	5048
21	28752853	0.0000	5553
21	28753586	0.0004	6286
21	28753650	0.0008	6350
21	28753832	0.0004	6532
21	28754160	0.0004	6860
21	28754249	0.0004	6949
21	28754508	0.0000	7208
21	28754600	0.0000	7300
21	28755033	0.0000	7733
21	28755039	0.0000	7739
21	28755068	0.0000	7768
21	28755346	0.0000	8046
21	28755446	0.0000	8146
21	28755597	0.0000	8297
21	28755831	0.0000	8531
21	28756273	0.0000	8973
21	28756743	0.0004	9443
21	28757223	0.0004	9923
21	28758063	0.0004	10763
21	28758222	0.0008	10922
21	28758681	0.0004	11381
21	28758756	0.0000	11456
21	28758909	48.0000	11609
21	28870165	0.0000	0
21	28870580	0.0000	415
21	28870664	0.0000	499
21	28871334	0.0000	1169
21	28871477	0.0000	1312
21	28871989	0.0000	1824
21	28872176	0.0000	2011
21	28872186	0.0000	2021
21	28872478	0.0000	2313
21	28872538	0.0000	2373
21	28873052	0.0000	2887
21	28873396	0.0000	3231
21	28873502	0.0000	3337
21	28873572	0.0000	3407
21	28873643	0.0000	3478
21	28874919	0.0000	4754
21	28875306	0.0000	5141
21	28875536	0.0000	5371
21	28875571	0.0000	5406
21	28875572	0.0000	5407
21	28876031	0.0004	5866
21	28876736	0.0008	6571
21	28877925	0.0004	7760
21	28880638	23.0000	10473
21	29825928	0.0012	0
21	29826598	0.0004	670
21	29826656	0.0004	728
21	29826675	0.0004	747
21	29826974	0.0000	1046
21	29827658	0.0000	1730
21	29830158	0.0000	4230
21	29830211	0.0004	4283
21	29831129	0.0000	5201
21	29831718	0.0000	5790
21	29831720	0.0000	5792
21	29832286	0.0000	6358
21	29832314	0.0000	6386
21	29833292	0.0004	7364
21	29833860	0.0004	7932
21	29834224	0.0000	8296
21	29834629	0.0000	8701
21	29835748	0.0000	9820
21	29835908	0.0004	9980
21	29836317	0.0008	10389
21	29836804	20.0000	10876
21	29856869	0.0000	0
21	29857435	0.0000	566
21	29857465	0.0000	596
21	29858126	0.0000	1257
21	29858338	0.0000	1469
21	29858784	0.0004	1915
21	29859016	0.0004	2147
21	29859307	0.0000	2438
21	29859712	0.0000	2843
21	29859781	0.0000	2912
21	29859943	0.0000	3074
21	29860083	0.0012	3214
21	29860158	0.0012	3289
21	29861497	0.0000	4628
21	29861583	0.0000	4714
21	29861677	0.0004	4808
21	29863675	0.0000	6806
21	29863823	0.0000	6954
21	29863837	0.0000	6968
21	29863872	0.0000	7003
21	29864761	0.0000	7892
21	29866093	21.0000	9224
21	29896705	0.0004	0
21	29896794	0.0004	89
21	29896895	0.0000	190
21	29897115	0.0000	410
21	29897270	0.0004	565
21	29897442	0.0004	737
21	29897510	0.0000	805
21	29897732	0.0000	1027
21	29897850	0.0004	1145
21	29898224	0.0004	1519
21	29898557	0.0000	1852
21	29898561	0.0004	1856
21	29898673	0.0012	1968
21	29899074	0.0004	2369
21	29899199	0.0000	2494
21	29899240	0.0004	2535
21	29899548	0.0004	2843
21	29900885	0.0008	4180
21	29901316	0.0000	4611
21	29901550	0.0000	4845
21	29901959	0.0000	5254
21	29902185	0.0000	5480
21	29902629	0.0004	5924
21	29902970	0.0000	6265
21	29903009	0.0000	6304
21	29903338	0.0004	6633
21	29903825	0.0004	7120
21	29903901	0.0008	7196
21	29903926	0.0008	7221
21	29904562	0.0008	7857
21	29905022	0.0008	8317
21	29905790	31.0000	9085
21	30089271	0.0000	0
21	30089512	0.0000	241
21	30090264	0.0004	993
21	30090439	0.0004	1168
21	30090695	0.0000	1424
21	30090827	0.0000	1556
21	30090833	0.0000	1562
21	30091009	0.0000	1738
21	30091720	0.0000	2449
21	30091723	0.0000	2452
21	30092050	0.0000	2779
21	30092615	0.0000	3344
21	30092753	0.0004	3482
21	30092836	0.0004	3565
21	30093245	0.0000	3974
21	30093315	0.0000	4044
21	30093690	0.0000	4419
21	30093839	0.0000	4568
21	30093862	0.0000	4591
21	30093999	0.0000	4728
21	30094024	0.0000	4753
21	30094160	0.0000	4889
21	30094180	0.0000	4909
21	30094182	0.0000	4911
21	30094379	0.0004	5108
21	30094411	0.0004	5140
21	30094558	0.0000	5287
21	30094604	0.0000	5333
21	30094677	0.0000	5406
21	30094835	0.0000	5564
21	30095498	0.0000	6227
21	30095617	31.0000	6346
21	30243131	0.0000	0
21	30243299	0.0000	168
21	30243355	0.0000	224
21	30243405	0.0000	274
21	30243500	0.0000	369
21	30243716	0.0000	585
21	30243932	0.0000	801
21	30244046	0.0000	915
21	30244060	0.0000	929
21	30244148	0.0000	1017
21	30244486	0.0000	1355
21	30244573	0.0000	1442
21	30244667	0.0000	1536
21	30245254	0.0000	2123
21	30245957	0.0000	2826
21	30246273	0.0000	3142
21	30246318	0.0000	3187
21	30246604	0.0000	3473
21	30247533	0.0000	4402
21	30247607	0.0000	4476
21	30247913	0.0000	4782
21	30247963	0.0000	4832
21	30248093	0.0000	4962
21	30248196	0.0000	5065
21	30248400	0.0000	5269
21	30248634	0.0000	5503
21	30248859	0.0000	5728
21	30248869	0.0000	5738
21	30249099	0.0000	5968
21	30249366	0.0000	6235
21	30250088	0.0000	6957
21	30250923	0.0000	7792
21	30251098	0.0000	7967
21	30251219	33.0000	8088
21	30530924	0.0008	0
21	30531529	0.0000	605
21	30532423	0.0004	1499
21	30534056	0.0000	3132
21	30535678	0.0004	4754
21	30541347	0.0000	10423
21	30544430	0.0004	13506
21	30544764	0.0004	13840
21	30544917	0.0000	13993
21	30545000	0.0000	14076
21	30546080	0.0000	15156
21	30546712	0.0000	15788
21	30547987	0.0000	17063
21	30550890	0.0000	19966
21	30551299	0.0000	20375
21	30551609	0.0004	20685
21	30551610	0.0004	20686
21	30552295	0.0000	21371
21	30552675	0.0000	21751
21	30555012	0.0004	24088
21	30556037	0.0008	25113
21	30557342	0.0004	26418
21	30558059	22.0000	27135
21	30688896	0.0000	0
21	30689849	0.0000	953
21	30690470	0.0000	1574
21	30690895	0.0008	1999
21	30691864	0.0012	2968
21	30692300	0.0004	3404
21	30692368	0.0004	3472
21	30692750	0.0004	3854
21	30693034	0.0000	4138
21	30693674	0.0000	4778
21	30694190	0.0000	5294
21	30694248	0.0000	5352
21	30694594	0.0008	5698
21	30695467	0.0012	6571
21	30695648	0.0012	6752
21	30696190	0.0004	7294
21	30696374	0.0000	7478
21	30696497	0.0000	7601
21	30696614	0.0000	7718
21	30697285	0.0004	8389
21	30697724	0.0004	8828
21	30697908	0.0000	9012
21	30698192	0.0000	9296
21	30698430	0.0008	9534
21	30698644	0.0008	9748
21	30698876	0.0000	9980
21	30698969	0.0000	10073
21	30699405	0.0000	10509
21	30699523	0.0000	10627
21	30699711	29.0000	10815
21	30703662	0.0004	0
21	30705096	0.0004	1434
21	30705448	0.0000	1786
21	30705593	0.0000	1931
21	30705643	0.0000	1981
21	30706670	0.0004	3008
21	30706741	0.0004	3079
21	30707029	0.0000	3367
21	30707760	0.0000	4098
21	30708060	0.0000	4398
21	30708650	0.0000	4988
21	30709385	0.0000	5723
21	30710000	0.0000	6338
21	30710010	0.0000	6348
21	30710391	0.0000	6729
21	30710613	0.0008	6951
21	30710816	0.0000	7154
21	30710827	0.0008	7165
21	30710942	0.0004	7280
21	30710987	0.0004	7325
21	30711150	0.0000	7488
21	30711474	0.0000	7812
21	30712794	0.0000	9132
21	30712848	0.0004	9186
21	30712855	0.0008	9193
21	30713055	0.0004	9393
21	30713248	0.0000	9586
21	30713350	0.0000	9688
21	30713383	0.0000	9721
21	30713752	0.0000	10090
21	30713936	0.0000	10274
21	30714005	0.0004	10343
21	30714422	0.0000	10760
21	30714427	0.0000	10765
21	30714442	0.0000	10780
21	30714462	0.0000	10800
21	30714606	0.0000	10944
21	30714744	0.0000	11082
21	30715237	0.0000	11575
21	30715444	0.0000	11782
21	30715518	0.0000	11856
21	30715578	41.0000	11916
21	30724094	0.0004	0
21	30724650	0.0012	556
21	30725256	0.0000	1162
21	30726293	0.0000	2199
21	30727011	0.0004	2917
21	30727133	0.0000	3039
21	30727136	0.0004	3042
21	30727307	0.0000	3213
21	30727417	0.0000	3323
21	30727744	0.0000	3650
21	30728017	0.0000	3923
21	30728098	0.0000	4004
21	30728276	0.0000	4182
21	30728324	0.0000	4230
21	30728569	0.0000	4475
21	30728632	0.0000	4538
21	30728701	0.0000	4607
21	30729127	0.0000	5033
21	30729184	0.0000	5090
21	30729341	0.0004	5247
21	30729380	0.0004	5286
21	30729465	0.0000	5371
21	30729467	0.0004	5373
21	30729511	0.0008	5417
21	30729733	0.0000	5639
21	30729742	0.0000	5648
21	30729743	0.0004	5649
21	30730249	0.0000	6155
21	30730311	0.0000	6217
21	30730663	0.0008	6569
21	30731181	0.0000	7087
21	30731274	0.0000	7180
21	30731354	0.0004	7260
21	30731460	0.0004	7366
21	30731576	0.0000	7482
21	30731817	0.0004	7723
21	30732402	0.0008	8308
21	30732721	0.0008	8627
21	30733486	0.0000	9392
21	30733938	0.0004	9844
21	30734150	0.0004	10056
21	30734293	0.0004	10199
21	30734573	0.0004	10479
21	30734799	0.0000	10705
21	30735154	0.0000	11060
21	30735215	0.0000	11121
21	30735580	0.0000	11486
21	30735674	0.0000	11580
21	30735718	0.0000	11624
21	30736147	0.0000	12053
21	30736608	0.0000	12514
21	30736961	0.0000	12867
21	30737004	0.0000	12910
21	30737672	0.0000	13578
21	30737803	0.0008	13709
21	30738449	0.0008	14355
21	30738777	0.0000	14683
21	30740278	57.0000	16184
21	30948581	0.0000	0
21	30949667	0.0000	1086
21	30950031	0.0000	1450
21	30950069	0.0000	1488
21	30950225	0.0000	1644
21	30950673	0.0000	2092
21	30950821	0.0000	2240
21	30950970	0.0000	2389
21	30951012	0.0000	2431
21	30951073	0.0004	2492
21	30951806	0.0004	3225
21	30951892	0.0000	3311
21	30952298	0.0000	3717
21	30952531	0.0000	3950
21	30952650	0.0000	4069
21	30952827	0.0008	4246
21	30953020	0.0000	4439
21	30953046	0.0000	4465
21	30953180	0.0000	4599
21	30953268	0.0000	4687
21	30953462	0.0000	4881
21	30953544	0.0000	4963
21	30953628	0.0000	5047
21	30953851	0.0000	5270
21	30953925	0.0000	5344
21	30953948	0.0000	5367
21	30954044	0.0000	5463
21	30954047	0.0000	5466
21	30954079	0.0000	5498
21	30954197	0.0004	5616
21	30954212	0.0004	5631
21	30954718	0.0004	6137
21	30954802	0.0012	6221
21	30954872	0.0012	6291
21	30954951	0.0008	6370
21	30956417	0.0000	7836
21	30956621	0.0012	8040
21	30956643	37.0000	8062
21	31049235	0.0000	0
21	31049238	0.0004	3
21	31049586	0.0000	351
21	31049636	0.0004	401
21	31049739	0.0000	504
21	31049826	0.0000	591
21	31049866	0.0000	631
21	31049873	0.0000	638
21	31049955	0.0012	720
21	31050211	0.0012	976
21	31050383	0.0004	1148
21	31050458	0.0004	1223
21	31050591	0.0000	1356
21	31050765	0.0000	1530
21	31050983	0.0000	1748
21	31051038	0.0000	1803
21	31051153	0.0000	1918
21	31051254	0.0000	2019
21	31051297	0.0000	2062
21	31051379	0.0000	2144
21	31051843	0.0000	2608
21	31051851	0.0000	2616
21	31052257	0.0000	3022
21	31052314	0.0000	3079
21	31052380	0.0000	3145
21	31052653	0.0000	3418
21	31052805	0.0000	3570
21	31053109	0.0000	3874
21	31053163	0.0000	3928
21	31053232	0.0000	3997
21	31053330	0.0000	4095
21	31053400	0.0000	4165
21	31053476	0.0000	4241
21	31053627	0.0004	4392
21	31053728	0.0004	4493
21	31053792	0.0000	4557
21	31053844	0.0000	4609
21	31054234	0.0000	4999
21	31054338	0.0000	5103
21	31054737	0.0000	5502
21	31055015	0.0000	5780
21	31055283	0.0000	6048
21	31055482	0.0000	6247
21	31055529	0.0000	6294
21	31055548	0.0000	6313
21	31055602	0.0000	6367
21	31055781	0.0000	6546
21	31055920	0.0000	6685
21	31055964	0.0000	6729
21	31056097	0.0000	6862
21	31056237	0.0004	7002
21	31056713	0.0000	7478
21	31056716	0.0004	7481
21	31056871	0.0004	7636
21	31057003	0.0000	7768
21	31057102	0.0000	7867
21	31057181	0.0000	7946
21	31057340	0.0000	8105
21	31057435	0.0000	8200
21	31057456	0.0000	8221
21	31057515	0.0000	8280
21	31057579	0.0000	8344
21	31057705	0.0004	8470
21	31057749	0.0004	8514
21	31057799	0.0000	8564
21	31057929	0.0000	8694
21	31058006	0.0000	8771
21	31058017	0.0000	8782
21	31058162	0.0000	8927
21	31058294	0.0005	9059
21	31058496	70.0000	9261
21	34537517	0.0000	0
21	34538119	0.0012	602
21	34538345	0.0000	828
21	34538359	0.0012	842
21	34538835	0.0000	1318
21	34539335	0.0000	1818
21	34539398	0.0000	1881
21	34540141	0.0000	2624
21	34540508	0.0000	2991
21	34540660	0.0000	3143
21	34540788	0.0000	3271
21	34540845	0.0000	3328
21	34540856	0.0000	3339
21	34541126	0.0000	3609
21	34541423	0.0000	3906
21	34541701	0.0004	4184
21	34541850	0.0004	4333
21	34541888	0.0000	4371
21	34541920	0.0004	4403
21	34542022	0.0004	4505
21	34542675	0.0000	5158
21	34542776	0.0000	5259
21	34543003	0.0000	5486
21	34543243	0.0000	5726
21	34543301	0.0004	5784
21	34543335	0.0004	5818
21	34543405	0.0000	5888
21	34543495	0.0000	5978
21	34543514	0.0004	5997
21	34543700	29.0000	6183
21	34544818	0.0000	0
21	34544819	0.0004	1
21	34544918	0.0000	100
21	34545753	0.0000	935
21	34546313	0.0000	1495
21	34547210	0.0000	2392
21	34548046	0.0000	3228
21	34548124	0.0000	3306
21	34548525	0.0000	3707
21	34549048	0.0000	4230
21	34549123	0.0000	4305
21	34549343	0.0000	4525
21	34549920	0.0004	5102
21	34549989	0.0004	5171
21	34550368	0.0000	5550
21	34550405	0.0000	5587
21	34550426	0.0000	5608
21	34550531	0.0000	5713
21	34550537	0.0000	5719
21	34550626	0.0000	5808
21	34550949	0.0004	6131
21	34551164	0.0000	6346
21	34551169	0.0000	6351
21	34551175	0.0004	6357
21	34551935	0.0000	7117
21	34552034	0.0000	7216
21	34552585	0.0000	7767
21	34553179	0.0000	8361
21	34555513	0.0000	10695
21	34555607	0.0000	10789
21	34555663	0.0000	10845
21	34555865	0.0000	11047
21	34556002	0.0000	11184
21	34556358	33.0000	11540
21	34556558	0.0000	0
21	34556895	0.0000	337
21	34556978	0.0000	420
21	34557118	0.0000	560
21	34557127	0.0000	569
21	34557128	0.0004	570
21	34557138	0.0004	580
21	34557223	0.0004	665
21	34557242	0.0004	684
21	34557330	0.0000	772
21	34557566	0.0000	1008
21	34558015	0.0000	1457
21	34558016	0.0000	1458
21	34558054	0.0004	1496
21	34558416	0.0000	1858
21	34558418	0.0004	1860
21	34558606	0.0000	2048
21	34558867	0.0000	2309
21	34559021	0.0000	2463
21	34559069	0.0004	2511
21	34559278	0.0004	2720
21	34559340	0.0004	2782
21	34560073	0.0004	3515
21	34561492	0.0000	4934
21	34561567	0.0000	5009
21	34561895	0.0000	5337
21	34561931	0.0000	5373
21	34562360	27.0000	5802
21	35645384	0.0000	0
21	35645980	0.0004	596
21	35646155	0.0008	771
21	35647561	0.0000	2177
21	35647589	0.0008	2205
21	35647694	0.0008	2310
21	35647737	0.0000	2353
21	35647752	0.0004	2368
21	35648070	0.0008	2686
21	35648263	0.0004	2879
21	35648335	0.0000	2951
21	35648670	0.0000	3286
21	35648711	0.0000	3327
21	35648751	0.0000	3367
21	35648798	0.0000	3414
21	35649040	0.0000	3656
21	35649160	0.0000	3776
21	35649668	0.0000	4284
21	35649767	0.0000	4383
21	35649807	0.0000	4423
21	35650129	0.0000	4745
21	35650255	0.0000	4871
21	35650815	0.0000	5431
21	35651296	0.0004	5912
21	35652068	24.0000	6684
21	36449291	0.0000	0
21	36449299	0.0000	8
21	36449419	0.0004	128
21	36449649	0.0000	358
21	36449689	0.0000	398
21	36449715	0.0000	424
21	36449796	0.0004	505
21	36449855	0.0004	564
21	36450361	0.0012	1070
21	36450391	0.0012	1100
21	36450674	0.0000	1383
21	36450778	0.0000	1487
21	36450798	0.0008	1507
21	36451028	0.0012	1737
21	36451592	0.0000	2301
21	36451608	0.0000	2317
21	36451660	0.0000	2369
21	36451735	0.0000	2444
21	36451776	0.0000	2485
21	36451826	0.0000	2535
21	36452022	0.0000	2731
21	36452322	0.0000	3031
21	36452328	0.0000	3037
21	36452402	0.0000	3111
21	36452411	0.0000	3120
21	36452613	0.0000	3322
21	36452657	0.0000	3366
21	36452699	0.0008	3408
21	36453531	0.0004	4240
21	36453558	0.0004	4267
21	36454091	30.0000	4800
21	36967801	0.0008	0
21	36968048	0.0000	247
21	36968075	0.0000	274
21	36968194	0.0000	393
21	36968223	0.0000	422
21	36968332	0.0000	531
21	36968356	0.0000	555
21	36968543	0.0000	742
21	36968566	0.0012	765
21	36968905	0.0012	1104
21	36970508	0.0004	2707
21	36970658	0.0004	2857
21	36971722	0.0000	3921
21	36971999	0.0000	4198
21	36972436	0.0000	4635
21	36973123	0.0012	5322
21	36973221	0.0008	5420
21	36973427	0.0008	5626
21	36974103	0.0008	6302
21	36974397	0.0012	6596
21	36974899	0.0008	7098
21	36974934	0.0008	7133
21	36975825	22.0000	8024
21	36986037	0.0000	0
21	36986331	0.0000	294
21	36986419	0.0012	382
21	36987421	0.0004	1384
21	36987873	0.0000	1836
21	36988965	0.0012	2928
21	36990198	0.0008	4161
21	36990531	0.0012	4494
21	36991008	0.0000	4971
21	36991121	0.0000	5084
21	36991552	0.0000	5515
21	36991818	0.0000	5781
21	36991833	0.0004	5796
21	36991918	0.0004	5881
21	36992140	0.0000	6103
21	36992156	0.0000	6119
21	36992159	0.0000	6122
21	36992320	0.0008	6283
21	36992557	0.0000	6520
21	36992958	0.0000	6921
21	36993130	20.0000	7093
21	37074321	0.0008	0
21	37074618	0.0000	297
21	37074740	0.0000	419
21	37074764	0.0000	443
21	37074832	0.0000	511
21	37075123	0.0000	802
21	37075189	0.0000	868
21	37075639	0.0000	1318
21	37075769	0.0000	1448
21	37076300	0.0000	1979
21	37076580	0.0000	2259
21	37077210	0.0000	2889
21	37077725	0.0000	3404
21	37078017	0.0000	3696
21	37078257	0.0000	3936
21	37078350	0.0000	4029
21	37078830	0.0000	4509
21	37079034	0.0000	4713
21	37079670	0.0000	5349
21	37079677	0.0000	5356
21	37080334	0.0004	6013
21	37081210	0.0004	6889
21	37082156	0.0000	7835
21	37083636	0.0008	9315
21	37084532	24.0000	10211
21	37085093	0.0004	0
21	37085157	0.0008	64
21	37085665	0.0004	572
21	37088038	0.0000	2945
21	37089026	0.0000	3933
21	37089495	0.0004	4402
21	37089728	0.0004	4635
21	37089941	0.0000	4848
21	37091106	0.0000	6013
21	37091136	0.0000	6043
21	37091152	0.0000	6059
21	37092087	0.0000	6994
21	37093045	0.0000	7952
21	37093573	0.0000	8480
21	37093764	0.0000	8671
21	37093903	0.0000	8810
21	37094239	0.0000	9146
21	37094369	0.0012	9276
21	37096658	0.0008	11565
21	37096769	0.0008	11676
21	37102719	20.0000	17626
21	37987865	0.0012	0
21	37988501	0.0004	636
21	37988897	0.0000	1032
21	37989009	0.0000	1144
21	37989028	0.0000	1163
21	37989111	0.0000	1246
21	37989243	0.0008	1378
21	37990034	0.0004	2169
21	37990249	0.0004	2384
21	37990562	0.0012	2697
21	37990641	0.0000	2776
21	37990952	0.0000	3087
21	37990968	0.0008	3103
21	37991445	0.0000	3580
21	37991488	0.0000	3623
21	37991647	0.0000	3782
21	37991871	0.0000	4006
21	37991933	0.0000	4068
21	37992022	0.0000	4157
21	37992687	0.0000	4822
21	37992705	0.0004	4840
21	37992999	0.0000	5134
21	37993015	0.0004	5150
21	37993294	23.0000	5429
21	39519337	0.0000	0
21	39519348	0.0000	11
21	39519495	0.0004	158
21	39519681	0.0004	344
21	39519935	0.0000	598
21	39520156	0.0000	819
21	39520245	0.0000	908
21	39520249	0.0000	912
21	39520391	0.0000	1054
21	39520533	0.0000	1196
21	39520584	0.0000	1247
21	39520612	0.0000	1275
21	39520648	0.0000	1311
21	39520700	0.0000	1363
21	39521209	0.0000	1872
21	39521459	0.0000	2122
21	39521514	0.0000	2177
21	39521734	0.0000	2397
21	39522070	0.0000	2733
21	39522249	0.0000	2912
21	39522259	0.0000	2922
21	39522303	0.0000	2966
21	39522322	0.0000	2985
21	39522449	0.0000	3112
21	39522634	0.0000	3297
21	39522913	0.0004	3576
21	39523070	0.0004	3733
21	39523177	0.0000	3840
21	39523395	0.0000	4058
21	39523528	0.0000	4191
21	39523606	0.0000	4269
21	39524231	0.0000	4894
21	39524258	0.0000	4921
21	39524457	0.0004	5120
21	39524838	0.0000	5501
21	39524953	0.0000	5616
21	39525026	0.0000	5689
21	39525028	0.0000	5691
21	39525033	38.0000	5696
21	39544143	0.0000	0
21	39544206	0.0000	63
21	39544360	0.0000	217
21	39544626	0.0004	483
21	39545782	0.0000	1639
21	39546087	0.0000	1944
21	39547217	0.0000	3074
21	39547425	0.0000	3282
21	39547737	0.0000	3594
21	39549119	0.0000	4976
21	39549312	0.0000	5169
21	39549362	0.0000	5219
21	39549400	0.0000	5257
21	39549403	0.0000	5260
21	39549542	0.0000	5399
21	39550662	0.0000	6519
21	39551380	0.0004	7237
21	39552303	0.0000	8160
21	39552532	0.0000	8389
21	39552593	0.0000	8450
21	39552636	0.0000	8493
21	39552678	0.0000	8535
21	39552776	0.0000	8633
21	39552984	0.0004	8841
21	39553177	0.0004	9034
21	39553203	0.0004	9060
21	39553238	26.0000	9095
21	39755309	0.0008	0
21	39755456	0.0008	147
21	39755478	0.0000	169
21	39755499	0.0004	190
21	39755512	0.0012	203
21	39755582	0.0004	273
21	39755685	0.0000	376
21	39755852	0.0004	543
21	39755968	0.0004	659
21	39756015	0.0000	706
21	39756297	0.0000	988
21	39756611	0.0000	1302
21	39756833	0.0000	1524
21	39756909	0.0000	1600
21	39756936	0.0000	1627
21	39756977	0.0004	1668
21	39757068	0.0004	1759
21	39757376	0.0008	2067
21	39757438	0.0012	2129
21	39757623	0.0000	2314
21	39757720	0.0004	2411
21	39757815	0.0008	2506
21	39757875	22.0000	2566
21	39830745	0.0000	0
21	39830955	0.0000	210
21	39831044	0.0000	299
21	39831088	0.0000	343
21	39831231	0.0000	486
21	39831605	0.0000	860
21	39831822	0.0000	1077
21	39831952	0.0000	1207
21	39831953	0.0000	1208
21	39832154	0.0000	1409
21	39832342	0.0000	1597
21	39832638	0.0000	1893
21	39832736	0.0000	1991
21	39832861	0.0000	2116
21	39833030	0.0000	2285
21	39833124	0.0000	2379
21	39833181	0.0000	2436
21	39833182	0.0008	2437
21	39833190	0.0008	2445
21	39833210	0.0000	2465
21	39833225	0.0000	2480
21	39833281	0.0000	2536
21	39833290	0.0000	2545
21	39833460	0.0000	2715
21	39833997	0.0000	3252
21	39834065	0.0000	3320
21	39834070	0.0000	3325
21	39834115	0.0000	3370
21	39834125	0.0000	3380
21	39834239	0.0000	3494
21	39834249	0.0000	3504
21	39834334	0.0000	3589
21	39834342	0.0000	3597
21	39834355	0.0000	3610
21	39834375	0.0000	3630
21	39834410	0.0000	3665
21	39834417	0.0000	3672
21	39834523	0.0000	3778
21	39834528	0.0000	3783
21	39834615	0.0000	3870
21	39834688	0.0008	3943
21	39834770	0.0008	4025
21	39834977	0.0000	4232
21	39834995	0.0000	4250
21	39834996	0.0000	4251
21	39835025	0.0000	4280
21	39835089	0.0000	4344
21	39835112	0.0000	4367
21	39835357	0.0000	4612
21	39835365	0.0000	4620
21	39835674	0.0000	4929
21	39835756	0.0000	5011
21	39835902	0.0000	5157
21	39836296	0.0000	5551
21	39836486	0.0000	5741
21	39836544	0.0000	5799
21	39836611	0.0000	5866
21	39836725	0.0000	5980
21	39836758	0.0000	6013
21	39836764	0.0000	6019
21	39836770	0.0000	6025
21	39836782	0.0000	6037
21	39836807	0.0000	6062
21	39836900	0.0000	6155
21	39836947	0.0000	6202
21	39837255	0.0004	6510
21	39837436	0.0004	6691
21	39837756	0.0000	7011
21	39837886	0.0000	7141
21	39837997	0.0000	7252
21	39838107	0.0000	7362
21	39838174	0.0000	7429
21	39838294	0.0000	7549
21	39838328	73.0000	7583
21	41097805	0.0000	0
21	41098046	0.0000	241
21	41098051	0.0004	246
21	41098260	0.0004	455
21	41098537	0.0004	732
21	41098604	0.0000	799
21	41098657	0.0000	852
21	41098676	0.0000	871
21	41098679	0.0000	874
21	41098833	0.0004	1028
21	41098914	0.0004	1109
21	41098990	0.0004	1185
21	41099060	0.0012	1255
21	41099156	0.0004	1351
21	41099450	0.0008	1645
21	41099519	0.0008	1714
21	41099635	0.0000	1830
21	41099676	0.0000	1871
21	41099717	0.0004	1912
21	41100710	0.0000	2905
21	41100940	0.0000	3135
21	41101030	0.0000	3225
21	41101309	0.0000	3504
21	41101511	0.0000	3706
21	41101543	24.0000	3738
21	42554116	0.0000	0
21	42554207	0.0004	91
21	42554343	0.0000	227
21	42555149	0.0000	1033
21	42555361	0.0000	1245
21	42555660	0.0000	1544
21	42555883	0.0000	1767
21	42555960	0.0000	1844
21	42555969	0.0004	1853
21	42556236	0.0008	2120
21	42556332	0.0012	2216
21	42556338	0.0008	2222
21	42556487	0.0000	2371
21	42556852	0.0000	2736
21	42556905	0.0008	2789
21	42557163	0.0012	3047
21	42557203	0.0004	3087
21	42557218	0.0008	3102
21	42557333	0.0000	3217
21	42557501	0.0000	3385
21	42557803	0.0000	3687
21	42557880	0.0000	3764
21	42559179	0.0004	5063
21	42559279	0.0004	5163
21	42559701	24.0000	5585
21	45238115	0.0004	0
21	45238186	0.0004	71
21	45238222	0.0004	107
21	45238270	0.0000	155
21	45238391	0.0000	276
21	45238677	0.0000	562
21	45238732	0.0000	617
21	45238827	0.0000	712
21	45238997	0.0004	882
21	45239074	0.0000	959
21	45239478	0.0000	1363
21	45239543	0.0000	1428
21	45239903	0.0000	1788
21	45240157	0.0000	2042
21	45240223	0.0000	2108
21	45240449	0.0000	2334
21	45240862	0.0000	2747
21	45241469	0.0000	3354
21	45241474	0.0000	3359
21	45241522	0.0000	3407
21	45241836	0.0000	3721
21	45242285	0.0008	4170
21	45242444	0.0008	4329
21	45242568	0.0004	4453
21	45243508	0.0000	5393
21	45243545	0.0000	5430
21	45243875	0.0000	5760
21	45244125	0.0000	6010
21	45244616	0.0000	6501
21	45244860	0.0008	6745
21	45244989	0.0008	6874
21	45245040	0.0000	6925
21	45245245	0.0000	7130
21	45245293	0.0000	7178
21	45245960	0.0000	7845
21	45246073	0.0004	7958
21	45247447	0.0004	9332
21	45247943	37.0000	9828
21	46564557	0.0000	0
21	46564886	0.0000	329
21	46564948	0.0000	391
21	46564983	0.0000	426
21	46565019	0.0000	462
21	46565061	0.0008	504
21	46565229	0.0008	672
21	46565231	0.0004	674
21	46565274	0.0004	717
21	46565594	0.0004	1037
21	46566155	0.0000	1598
21	46566370	0.0004	1813
21	46566898	0.0004	2341
21	46566946	0.0008	2389
21	46568229	0.0000	3672
21	46568240	0.0000	3683
21	46568256	0.0012	3699
21	46568316	0.0012	3759
21	46568362	0.0004	3805
21	46568433	0.0004	3876
21	46568485	0.0000	3928
21	46569738	0.0000	5181
21	46569804	22.0000	5247
21	46589579	0.0000	0
21	46589708	0.0000	129
21	46589718	0.0000	139
21	46589856	0.0000	277
21	46590193	0.0004	614
21	46590468	0.0008	889
21	46591692	0.0000	2113
21	46591812	0.0000	2233
21	46591918	0.0000	2339
21	46591966	0.0000	2387
21	46591969	0.0000	2390
21	46592106	0.0000	2527
21	46592301	0.0000	2722
21	46592359	0.0008	2780
21	46592620	0.0004	3041
21	46592931	0.0000	3352
21	46593035	0.0000	3456
21	46593063	0.0000	3484
21	46593261	0.0000	3682
21	46593839	0.0000	4260
21	46593970	0.0000	4391
21	46594303	0.0004	4724
21	46594309	0.0004	4730
21	46594349	0.0004	4770
21	46594492	0.0004	4913
21	46595789	0.0000	6210
21	46595816	0.0000	6237
21	46595956	0.0000	6377
21	46596564	28.0000	6985
